0 0
1 0
2 0
3 0
4 0
5 0
6 0
7 0
8 0
9 0
10 0
11 0
12 0
13 0
14 0
15 0
16 0
17 0
18 0
19 0
20 0
21 0
22 0
23 0
24 0
25 0
26 0
27 0
28 0
29 0
30 0
31 0
32 1
33 3
34 3
35 2
36 3
37 5
38 5
39 8
40 6
41 14
42 16
43 24
44 16
45 23
46 35
47 38
48 38
49 40
50 59
51 75
52 82
53 103
54 117
55 141
56 173
57 179
58 218
59 274
60 304
61 346
62 459
63 489
64 560
65 677
66 713
67 804
68 959
69 1039
70 1206
71 1277
72 1435
73 1529
74 1719
75 1935
76 2122
77 2214
78 2430
79 2613
80 2715
81 3002
82 3216
83 3356
84 3565
85 3654
86 3969
87 4103
88 4178
89 4360
90 4542
91 4575
92 4849
93 4892
94 5009
95 5134
96 5211
97 5387
98 5410
99 5402
100 5601
101 5624
102 5627
103 5753
104 5867
105 5961
106 5800
107 5899
108 6030
109 6123
110 6185
111 6089
112 6168
113 6404
114 6396
115 6379
116 6503
117 6462
118 6554
119 6708
120 6471
121 6797
122 6757
123 6703
124 6736
125 6750
126 6721
127 6675
128 6621
129 6613
130 6474
131 6680
132 6517
133 6505
134 6347
135 6487
136 6200
137 5975
138 6183
139 5917
140 5833
141 5621
142 5651
143 5601
144 5489
145 5162
146 5218
147 4932
148 4901
149 4837
150 4709
151 4419
152 4389
153 4313
154 4148
155 4099
156 3982
157 3867
158 3730
159 3586
160 3594
161 3399
162 3367
163 3277
164 3191
165 3166
166 3086
167 3063
168 2973
169 2938
170 2833
171 2723
172 2735
173 2725
174 2667
175 2570
176 2621
177 2575
178 2492
179 2558
180 2506
181 2415
182 2401
183 2399
184 2318
185 2299
186 2369
187 2322
188 2388
189 2279
190 2329
191 2357
192 2337
193 2274
194 2240
195 2237
196 2131
197 2353
198 2222
199 2305
200 2262
201 2311
202 2201
203 2246
204 2231
205 2261
206 2272
207 2317
208 2182
209 2162
210 2286
211 2171
212 2305
213 2218
214 2054
215 2200
216 2182
217 2069
218 2054
219 1952
220 1944
221 1729
222 1860
223 1758
224 1603
225 1511
226 1469
227 1334
228 1226
229 1045
230 999
231 760
232 713
233 585
234 481
235 393
236 286
237 239
238 168
239 134
240 114
241 84
242 65
243 37
244 18
245 20
246 12
247 9
248 0
249 0
250 0
251 0
252 0
253 0
254 0
255 0
