0 0
1 0
2 0
3 0
4 0
5 0
6 0
7 0
8 0
9 0
10 0
11 0
12 0
13 0
14 0
15 0
16 0
17 0
18 0
19 0
20 0
21 1
22 0
23 3
24 3
25 5
26 6
27 8
28 14
29 37
30 50
31 68
32 114
33 184
34 265
35 365
36 571
37 758
38 1042
39 1379
40 1797
41 2346
42 2907
43 3540
44 4172
45 4909
46 5714
47 6183
48 6882
49 7672
50 7905
51 8326
52 8627
53 8988
54 9077
55 9359
56 9300
57 9344
58 9326
59 9185
60 9352
61 9268
62 9047
63 9237
64 8894
65 8979
66 8737
67 8674
68 8552
69 8497
70 8328
71 8217
72 8167
73 8055
74 8029
75 7847
76 7692
77 7679
78 7579
79 7466
80 7264
81 7075
82 7007
83 6851
84 6828
85 6667
86 6583
87 6468
88 6572
89 6333
90 6272
91 6105
92 5975
93 6017
94 5868
95 5942
96 5853
97 5761
98 5599
99 5455
100 5569
101 5415
102 5339
103 5209
104 5191
105 5120
106 5043
107 5014
108 4853
109 4785
110 4809
111 4761
112 4696
113 4662
114 4408
115 4501
116 4344
117 4350
118 4199
119 4103
120 4109
121 4035
122 3884
123 3806
124 3792
125 3795
126 3660
127 3564
128 3656
129 3418
130 3367
131 3365
132 3097
133 3197
134 3019
135 2966
136 2741
137 2739
138 2569
139 2674
140 2452
141 2443
142 2270
143 2300
144 2064
145 2086
146 2045
147 1873
148 1812
149 1750
150 1623
151 1540
152 1430
153 1384
154 1266
155 1243
156 1158
157 1077
158 987
159 968
160 857
161 771
162 763
163 675
164 652
165 623
166 547
167 487
168 490
169 360
170 380
171 357
172 301
173 329
174 255
175 249
176 231
177 197
178 170
179 175
180 139
181 128
182 117
183 108
184 102
185 109
186 101
187 83
188 82
189 76
190 74
191 79
192 52
193 51
194 62
195 48
196 42
197 36
198 47
199 32
200 21
201 23
202 30
203 26
204 25
205 21
206 24
207 22
208 27
209 19
210 14
211 14
212 10
213 9
214 12
215 5
216 5
217 11
218 4
219 4
220 10
221 7
222 2
223 4
224 6
225 4
226 2
227 1
228 0
229 0
230 0
231 1
232 0
233 0
234 0
235 2
236 0
237 0
238 0
239 0
240 0
241 0
242 0
243 0
244 0
245 0
246 0
247 0
248 0
249 0
250 0
251 0
252 0
253 0
254 0
255 0
