0 22
1 18
2 18
3 14
4 31
5 32
6 54
7 70
8 86
9 103
10 129
11 148
12 198
13 233
14 270
15 342
16 403
17 441
18 491
19 598
20 658
21 742
22 834
23 880
24 1009
25 1135
26 1258
27 1405
28 1572
29 1612
30 1872
31 1975
32 2026
33 2151
34 2423
35 2501
36 2623
37 2798
38 2943
39 3119
40 3197
41 3436
42 3571
43 3638
44 3759
45 3919
46 4072
47 4208
48 4261
49 4332
50 4456
51 4458
52 4715
53 4709
54 4728
55 4852
56 4958
57 4983
58 4992
59 5083
60 5094
61 5128
62 4993
63 5162
64 5066
65 5103
66 4927
67 5098
68 4831
69 4947
70 4854
71 4689
72 4798
73 4788
74 4755
75 4715
76 4607
77 4647
78 4637
79 4411
80 4404
81 4297
82 4177
83 4190
84 4140
85 4099
86 4020
87 3967
88 3807
89 3776
90 3640
91 3731
92 3518
93 3519
94 3514
95 3531
96 3337
97 3243
98 3244
99 3235
100 3169
101 3118
102 3038
103 3019
104 2948
105 2946
106 2842
107 2791
108 2729
109 2777
110 2667
111 2720
112 2685
113 2592
114 2476
115 2509
116 2509
117 2464
118 2441
119 2436
120 2443
121 2421
122 2348
123 2314
124 2306
125 2270
126 2221
127 2230
128 2131
129 2144
130 2151
131 2160
132 2097
133 2077
134 2077
135 2051
136 2051
137 2045
138 1952
139 1994
140 1976
141 1902
142 1883
143 1887
144 1884
145 1850
146 1934
147 1875
148 1928
149 1830
150 1813
151 1805
152 1888
153 1796
154 1783
155 1729
156 1764
157 1766
158 1769
159 1684
160 1743
161 1732
162 1708
163 1789
164 1769
165 1679
166 1658
167 1660
168 1659
169 1684
170 1707
171 1690
172 1547
173 1615
174 1607
175 1659
176 1522
177 1615
178 1645
179 1561
180 1519
181 1514
182 1514
183 1460
184 1481
185 1401
186 1446
187 1461
188 1447
189 1339
190 1478
191 1458
192 1328
193 1259
194 1296
195 1266
196 1281
197 1294
198 1256
199 1200
200 1184
201 1239
202 1194
203 1106
204 1055
205 1051
206 979
207 1048
208 1018
209 870
210 978
211 956
212 868
213 796
214 784
215 743
216 756
217 689
218 697
219 648
220 651
221 562
222 524
223 515
224 479
225 420
226 447
227 393
228 361
229 355
230 311
231 283
232 237
233 248
234 203
235 194
236 174
237 175
238 141
239 95
240 111
241 87
242 84
243 60
244 62
245 42
246 37
247 30
248 27
249 18
250 17
251 12
252 8
253 7
254 4
255 0
