0 0
1 0
2 0
3 0
4 0
5 0
6 0
7 0
8 0
9 0
10 0
11 0
12 0
13 0
14 0
15 0
16 0
17 0
18 0
19 0
20 0
21 0
22 0
23 1
24 1
25 0
26 1
27 3
28 4
29 4
30 5
31 6
32 16
33 11
34 27
35 20
36 46
37 58
38 58
39 74
40 110
41 137
42 189
43 236
44 296
45 387
46 475
47 578
48 719
49 884
50 1057
51 1196
52 1419
53 1650
54 1905
55 2273
56 2562
57 2906
58 3239
59 3531
60 3949
61 4428
62 4600
63 5275
64 5404
65 5771
66 6007
67 6438
68 6809
69 7195
70 7136
71 7422
72 7590
73 7717
74 7997
75 8004
76 7814
77 7916
78 7931
79 7848
80 7934
81 7903
82 7671
83 7660
84 7561
85 7313
86 7185
87 6882
88 6688
89 6519
90 6325
91 6237
92 6123
93 5969
94 5747
95 5670
96 5286
97 5242
98 5087
99 4936
100 4965
101 4671
102 4625
103 4435
104 4306
105 4160
106 4087
107 4047
108 3901
109 3767
110 3790
111 3795
112 3567
113 3532
114 3466
115 3521
116 3413
117 3246
118 3300
119 3157
120 3123
121 3061
122 3031
123 3023
124 2946
125 2876
126 2934
127 2871
128 2735
129 2717
130 2706
131 2740
132 2732
133 2525
134 2585
135 2528
136 2605
137 2497
138 2460
139 2460
140 2395
141 2396
142 2318
143 2289
144 2366
145 2254
146 2268
147 2263
148 2280
149 2207
150 2252
151 2247
152 2166
153 2174
154 2196
155 2177
156 2153
157 2242
158 2147
159 2114
160 2199
161 2132
162 2127
163 2120
164 2128
165 2131
166 2046
167 2068
168 2029
169 2077
170 2010
171 1993
172 1986
173 2051
174 1980
175 2003
176 1922
177 2016
178 1951
179 1995
180 1958
181 2025
182 2034
183 1979
184 2047
185 2020
186 1974
187 2050
188 1944
189 2028
190 1938
191 2007
192 1981
193 1931
194 1886
195 1921
196 1950
197 1907
198 1875
199 1875
200 1897
201 1908
202 1817
203 1859
204 1812
205 1770
206 1805
207 1708
208 1756
209 1729
210 1670
211 1643
212 1572
213 1592
214 1529
215 1480
216 1441
217 1431
218 1256
219 1283
220 1287
221 1134
222 1077
223 1042
224 1034
225 919
226 800
227 814
228 684
229 642
230 535
231 483
232 456
233 377
234 327
235 265
236 275
237 196
238 150
239 124
240 95
241 87
242 77
243 55
244 37
245 24
246 20
247 20
248 17
249 8
250 3
251 0
252 1
253 0
254 0
255 0
