0 1086
1 0
2 0
3 0
4 0
5 0
6 0
7 0
8 0
9 0
10 0
11 0
12 0
13 0
14 0
15 1
16 0
17 1
18 0
19 0
20 0
21 1
22 2
23 3
24 6
25 5
26 8
27 14
28 9
29 11
30 13
31 16
32 24
33 31
34 39
35 40
36 45
37 58
38 80
39 100
40 128
41 143
42 164
43 218
44 255
45 294
46 335
47 364
48 476
49 506
50 580
51 668
52 766
53 872
54 1038
55 1175
56 1250
57 1365
58 1555
59 1806
60 2038
61 2178
62 2378
63 2581
64 2768
65 3077
66 3309
67 3530
68 3840
69 4092
70 4265
71 4464
72 4723
73 4914
74 5199
75 5445
76 5577
77 5830
78 6081
79 6177
80 6271
81 6465
82 6678
83 6626
84 6825
85 6796
86 6847
87 6815
88 7056
89 7056
90 7023
91 6904
92 6909
93 6921
94 6633
95 6781
96 6669
97 6611
98 6414
99 6435
100 6413
101 6141
102 6063
103 6065
104 5974
105 5764
106 5782
107 5596
108 5455
109 5427
110 5431
111 5316
112 5082
113 4962
114 4973
115 4774
116 4611
117 4528
118 4409
119 4423
120 4295
121 4324
122 4173
123 4248
124 3981
125 3995
126 3924
127 4016
128 3816
129 3715
130 3819
131 3575
132 3514
133 3518
134 3471
135 3365
136 3358
137 3368
138 3309
139 3308
140 3255
141 3167
142 3097
143 3062
144 3000
145 3073
146 3004
147 3057
148 2948
149 3044
150 3033
151 2949
152 2867
153 2851
154 2892
155 2865
156 2884
157 2856
158 2865
159 2935
160 2764
161 2800
162 2898
163 2901
164 2834
165 2732
166 2829
167 2827
168 2854
169 2763
170 2901
171 2807
172 2773
173 2753
174 2852
175 2783
176 2858
177 2881
178 2862
179 2938
180 2907
181 2962
182 2861
183 2895
184 2857
185 2896
186 3022
187 2959
188 2831
189 2867
190 2817
191 2881
192 2870
193 2904
194 2783
195 2877
196 2800
197 2762
198 2769
199 2766
200 2698
201 2719
202 2565
203 2613
204 2539
205 2469
206 2372
207 2377
208 2211
209 2256
210 2135
211 2114
212 2017
213 1832
214 1845
215 1709
216 1619
217 1511
218 1408
219 1350
220 1329
221 1128
222 1089
223 991
224 929
225 786
226 744
227 715
228 642
229 534
230 484
231 414
232 369
233 313
234 273
235 266
236 188
237 159
238 132
239 117
240 109
241 99
242 76
243 76
244 58
245 57
246 40
247 38
248 26
249 27
250 11
251 9
252 7
253 1
254 2
255 0
