0 0
1 0
2 0
3 0
4 0
5 0
6 0
7 0
8 0
9 0
10 0
11 0
12 0
13 0
14 0
15 1
16 0
17 5
18 2
19 5
20 6
21 8
22 13
23 12
24 18
25 25
26 37
27 30
28 60
29 67
30 81
31 84
32 118
33 150
34 130
35 225
36 262
37 301
38 374
39 461
40 512
41 577
42 730
43 836
44 978
45 1101
46 1216
47 1400
48 1626
49 1917
50 2190
51 2359
52 2770
53 2951
54 3233
55 3614
56 3966
57 4371
58 4674
59 5014
60 5441
61 5681
62 5909
63 6289
64 6577
65 6958
66 7098
67 7223
68 7467
69 7681
70 7810
71 8067
72 8118
73 8147
74 8241
75 8123
76 8284
77 8004
78 8157
79 8095
80 7927
81 7802
82 7782
83 7592
84 7570
85 7357
86 7209
87 6970
88 6989
89 6650
90 6531
91 6283
92 6266
93 6022
94 5900
95 5850
96 5710
97 5637
98 5325
99 5199
100 5176
101 5000
102 4993
103 4825
104 4644
105 4631
106 4554
107 4447
108 4350
109 4194
110 4157
111 4008
112 3991
113 3906
114 3894
115 3972
116 3654
117 3686
118 3553
119 3449
120 3535
121 3385
122 3264
123 3274
124 3190
125 3258
126 3027
127 3104
128 2989
129 2880
130 2962
131 2857
132 2917
133 2773
134 2743
135 2772
136 2702
137 2550
138 2645
139 2539
140 2518
141 2572
142 2511
143 2480
144 2521
145 2376
146 2370
147 2326
148 2288
149 2261
150 2239
151 2199
152 2173
153 2160
154 2185
155 2136
156 2130
157 2116
158 2024
159 1995
160 2033
161 2009
162 2001
163 1947
164 1824
165 1921
166 1890
167 1760
168 1804
169 1800
170 1753
171 1781
172 1687
173 1679
174 1651
175 1598
176 1613
177 1494
178 1483
179 1480
180 1365
181 1365
182 1277
183 1237
184 1189
185 1236
186 1140
187 1060
188 1044
189 971
190 960
191 883
192 815
193 736
194 754
195 695
196 673
197 604
198 605
199 476
200 523
201 449
202 449
203 383
204 363
205 311
206 291
207 265
208 263
209 225
210 235
211 178
212 146
213 166
214 139
215 121
216 130
217 103
218 85
219 97
220 73
221 69
222 57
223 65
224 44
225 39
226 43
227 43
228 34
229 19
230 24
231 12
232 14
233 11
234 8
235 6
236 3
237 2
238 2
239 2
240 0
241 0
242 0
243 0
244 0
245 0
246 0
247 0
248 0
249 0
250 0
251 0
252 0
253 0
254 0
255 0
