0 0
1 0
2 0
3 0
4 0
5 0
6 0
7 0
8 0
9 0
10 0
11 0
12 0
13 0
14 0
15 0
16 0
17 0
18 0
19 0
20 0
21 0
22 0
23 0
24 0
25 0
26 0
27 0
28 0
29 0
30 0
31 0
32 0
33 0
34 0
35 0
36 0
37 0
38 0
39 0
40 0
41 0
42 1
43 0
44 0
45 0
46 0
47 0
48 0
49 0
50 0
51 0
52 1
53 0
54 2
55 1
56 0
57 3
58 0
59 1
60 1
61 3
62 2
63 4
64 1
65 7
66 6
67 15
68 7
69 6
70 15
71 13
72 20
73 29
74 28
75 46
76 47
77 64
78 68
79 81
80 105
81 122
82 130
83 201
84 237
85 254
86 326
87 336
88 470
89 507
90 688
91 726
92 884
93 1039
94 1218
95 1333
96 1529
97 1784
98 1997
99 2332
100 2572
101 2879
102 3139
103 3372
104 3785
105 4136
106 4524
107 4777
108 5030
109 5450
110 5778
111 6005
112 6333
113 6530
114 6787
115 6964
116 6955
117 7059
118 7171
119 7138
120 7023
121 7017
122 6903
123 6656
124 6668
125 6232
126 6033
127 5933
128 5386
129 5273
130 4955
131 4573
132 4277
133 4124
134 3822
135 3399
136 3105
137 2847
138 2625
139 2336
140 2084
141 1960
142 1714
143 1484
144 1380
145 1117
146 1099
147 962
148 857
149 712
150 638
151 578
152 490
153 429
154 390
155 349
156 302
157 236
158 227
159 193
160 192
161 175
162 127
163 116
164 120
165 106
166 89
167 96
168 79
169 62
170 62
171 49
172 39
173 42
174 29
175 21
176 38
177 27
178 35
179 19
180 22
181 26
182 17
183 29
184 13
185 10
186 19
187 12
188 11
189 14
190 15
191 9
192 15
193 9
194 7
195 7
196 9
197 10
198 5
199 4
200 2
201 4
202 3
203 2
204 5
205 1
206 5
207 6
208 2
209 3
210 5
211 1
212 2
213 0
214 5
215 0
216 2
217 2
218 2
219 1
220 1
221 0
222 0
223 0
224 0
225 0
226 0
227 0
228 0
229 1
230 0
231 1
232 0
233 0
234 0
235 0
236 0
237 0
238 0
239 0
240 0
241 0
242 0
243 0
244 0
245 0
246 0
247 0
248 0
249 0
250 0
251 0
252 0
253 0
254 0
255 0
