0 0
1 0
2 0
3 0
4 0
5 0
6 0
7 0
8 0
9 0
10 1
11 0
12 0
13 1
14 0
15 1
16 3
17 4
18 2
19 3
20 4
21 14
22 9
23 6
24 21
25 31
26 51
27 76
28 101
29 113
30 190
31 276
32 277
33 362
34 545
35 634
36 782
37 924
38 1189
39 1391
40 1663
41 1928
42 2122
43 2419
44 2792
45 3097
46 3452
47 3691
48 4084
49 4241
50 4394
51 4725
52 4903
53 5177
54 5263
55 5481
56 5424
57 5587
58 5559
59 5699
60 5735
61 5816
62 5807
63 5766
64 5590
65 5456
66 5429
67 5554
68 5306
69 5212
70 5284
71 5242
72 5027
73 5150
74 4919
75 4799
76 4774
77 4794
78 4770
79 4663
80 4679
81 4464
82 4493
83 4457
84 4430
85 4403
86 4359
87 4309
88 4299
89 4174
90 4071
91 4020
92 4036
93 3944
94 3973
95 4116
96 3850
97 3842
98 3862
99 3757
100 3771
101 3674
102 3661
103 3436
104 3444
105 3480
106 3499
107 3469
108 3394
109 3314
110 3218
111 3073
112 3198
113 2985
114 2919
115 2895
116 2821
117 2754
118 2723
119 2492
120 2480
121 2451
122 2300
123 2200
124 2135
125 2043
126 1964
127 1864
128 1753
129 1701
130 1622
131 1493
132 1487
133 1410
134 1317
135 1312
136 1173
137 1088
138 1057
139 1001
140 932
141 938
142 789
143 795
144 789
145 685
146 691
147 571
148 581
149 557
150 498
151 490
152 391
153 385
154 365
155 344
156 324
157 289
158 270
159 264
160 241
161 222
162 196
163 193
164 166
165 173
166 151
167 148
168 153
169 128
170 115
171 117
172 102
173 94
174 99
175 79
176 61
177 74
178 50
179 63
180 50
181 44
182 54
183 43
184 35
185 32
186 35
187 37
188 27
189 24
190 23
191 26
192 27
193 18
194 9
195 13
196 19
197 14
198 8
199 7
200 6
201 7
202 5
203 14
204 7
205 7
206 7
207 4
208 5
209 11
210 4
211 9
212 9
213 3
214 0
215 3
216 5
217 3
218 5
219 1
220 3
221 5
222 3
223 5
224 1
225 2
226 0
227 1
228 1
229 0
230 0
231 0
232 0
233 1
234 0
235 1
236 1
237 0
238 0
239 0
240 0
241 0
242 0
243 0
244 0
245 0
246 0
247 0
248 0
249 0
250 1
251 0
252 0
253 0
254 0
255 0
