0 0
1 0
2 0
3 0
4 0
5 0
6 0
7 0
8 0
9 0
10 0
11 0
12 0
13 0
14 0
15 0
16 0
17 0
18 3
19 0
20 2
21 0
22 5
23 2
24 4
25 8
26 19
27 24
28 39
29 57
30 71
31 93
32 112
33 155
34 211
35 243
36 306
37 377
38 506
39 595
40 755
41 889
42 974
43 1217
44 1446
45 1689
46 1984
47 2229
48 2615
49 2835
50 3254
51 3715
52 4343
53 4580
54 5149
55 5622
56 6031
57 6556
58 6852
59 7379
60 8008
61 8372
62 8583
63 9278
64 9340
65 9736
66 9735
67 10009
68 10107
69 10384
70 10495
71 10293
72 10369
73 10245
74 10175
75 10054
76 9837
77 9840
78 9286
79 9229
80 8972
81 8554
82 8364
83 8249
84 7869
85 7641
86 7482
87 7030
88 6698
89 6367
90 6218
91 6042
92 5709
93 5532
94 5411
95 5200
96 4953
97 4610
98 4583
99 4383
100 4168
101 4075
102 3873
103 3753
104 3596
105 3404
106 3366
107 3349
108 3226
109 2992
110 3026
111 2929
112 2851
113 2727
114 2654
115 2719
116 2637
117 2522
118 2465
119 2394
120 2423
121 2289
122 2197
123 2217
124 2154
125 2123
126 2130
127 2075
128 1960
129 1946
130 1996
131 1891
132 1921
133 1884
134 1879
135 1852
136 1904
137 1714
138 1773
139 1741
140 1768
141 1783
142 1637
143 1678
144 1666
145 1616
146 1667
147 1585
148 1665
149 1604
150 1651
151 1559
152 1656
153 1583
154 1537
155 1569
156 1571
157 1610
158 1507
159 1599
160 1637
161 1539
162 1599
163 1518
164 1530
165 1544
166 1594
167 1498
168 1520
169 1644
170 1592
171 1497
172 1531
173 1559
174 1545
175 1587
176 1590
177 1498
178 1567
179 1572
180 1593
181 1585
182 1523
183 1565
184 1519
185 1613
186 1646
187 1665
188 1556
189 1554
190 1607
191 1574
192 1575
193 1563
194 1593
195 1493
196 1579
197 1582
198 1514
199 1517
200 1480
201 1469
202 1421
203 1387
204 1432
205 1301
206 1272
207 1263
208 1298
209 1182
210 1211
211 1162
212 1090
213 963
214 912
215 863
216 781
217 738
218 641
219 646
220 601
221 542
222 510
223 421
224 370
225 341
226 288
227 237
228 238
229 194
230 173
231 132
232 118
233 103
234 92
235 68
236 71
237 59
238 47
239 48
240 34
241 30
242 21
243 14
244 10
245 9
246 10
247 1
248 3
249 0
250 0
251 0
252 0
253 0
254 0
255 0
