0 1
1 3
2 4
3 9
4 4
5 5
6 7
7 7
8 13
9 12
10 21
11 18
12 26
13 23
14 42
15 57
16 47
17 57
18 79
19 101
20 124
21 126
22 131
23 191
24 207
25 265
26 237
27 288
28 335
29 321
30 429
31 432
32 506
33 537
34 656
35 678
36 790
37 781
38 834
39 950
40 1026
41 1113
42 1178
43 1230
44 1396
45 1419
46 1471
47 1648
48 1709
49 1738
50 1818
51 2007
52 2167
53 2245
54 2417
55 2386
56 2530
57 2653
58 2861
59 2793
60 3029
61 3121
62 3156
63 3377
64 3276
65 3537
66 3439
67 3692
68 3796
69 3807
70 3952
71 3861
72 4123
73 4072
74 4063
75 4280
76 4204
77 4299
78 4331
79 4423
80 4446
81 4442
82 4491
83 4413
84 4595
85 4606
86 4659
87 4450
88 4619
89 4450
90 4485
91 4437
92 4530
93 4478
94 4394
95 4514
96 4399
97 4215
98 4256
99 4257
100 4201
101 4182
102 4157
103 4151
104 4119
105 4114
106 3936
107 3852
108 3817
109 3702
110 3772
111 3693
112 3612
113 3656
114 3479
115 3485
116 3352
117 3302
118 3382
119 3207
120 3140
121 3082
122 3255
123 3124
124 2950
125 3085
126 2964
127 3071
128 2882
129 2870
130 2809
131 2781
132 2741
133 2782
134 2774
135 2653
136 2622
137 2589
138 2580
139 2605
140 2547
141 2456
142 2486
143 2410
144 2439
145 2458
146 2395
147 2284
148 2374
149 2396
150 2346
151 2354
152 2377
153 2346
154 2298
155 2290
156 2365
157 2369
158 2257
159 2251
160 2296
161 2275
162 2236
163 2286
164 2299
165 2200
166 2274
167 2289
168 2162
169 2229
170 2226
171 2256
172 2337
173 2302
174 2272
175 2239
176 2237
177 2239
178 2163
179 2208
180 2157
181 2193
182 2277
183 2313
184 2302
185 2195
186 2262
187 2213
188 2231
189 2314
190 2253
191 2293
192 2328
193 2251
194 2288
195 2341
196 2289
197 2314
198 2247
199 2335
200 2261
201 2296
202 2237
203 2331
204 2262
205 2343
206 2236
207 2246
208 2277
209 2140
210 2225
211 2172
212 2197
213 2120
214 2115
215 2190
216 2129
217 1979
218 2005
219 1993
220 1901
221 1833
222 1801
223 1760
224 1681
225 1683
226 1592
227 1544
228 1489
229 1485
230 1354
231 1298
232 1269
233 1180
234 1033
235 1021
236 950
237 861
238 837
239 710
240 651
241 643
242 564
243 523
244 436
245 395
246 315
247 292
248 244
249 198
250 158
251 112
252 83
253 57
254 44
255 0
