0 0
1 0
2 0
3 0
4 0
5 0
6 0
7 0
8 0
9 0
10 0
11 0
12 0
13 0
14 0
15 0
16 0
17 0
18 0
19 0
20 0
21 1
22 2
23 0
24 2
25 5
26 5
27 6
28 7
29 5
30 22
31 21
32 33
33 31
34 35
35 51
36 57
37 84
38 102
39 95
40 160
41 155
42 188
43 222
44 259
45 313
46 325
47 390
48 421
49 491
50 560
51 576
52 637
53 689
54 807
55 824
56 939
57 1011
58 1041
59 1200
60 1192
61 1215
62 1352
63 1416
64 1447
65 1480
66 1601
67 1628
68 1675
69 1802
70 1721
71 1842
72 1726
73 1869
74 1830
75 1786
76 1818
77 1871
78 1843
79 1878
80 1860
81 1909
82 1819
83 1753
84 1839
85 1856
86 1716
87 1701
88 1697
89 1622
90 1605
91 1672
92 1551
93 1572
94 1495
95 1512
96 1429
97 1423
98 1378
99 1277
100 1384
101 1260
102 1267
103 1221
104 1177
105 1131
106 1152
107 1182
108 1127
109 1038
110 1015
111 1104
112 1047
113 987
114 961
115 933
116 944
117 914
118 901
119 840
120 815
121 827
122 826
123 847
124 756
125 728
126 748
127 770
128 730
129 741
130 698
131 751
132 713
133 667
134 649
135 686
136 678
137 668
138 637
139 592
140 606
141 560
142 564
143 545
144 508
145 559
146 478
147 484
148 496
149 430
150 435
151 452
152 421
153 349
154 364
155 348
156 311
157 359
158 324
159 328
160 304
161 293
162 257
163 223
164 220
165 210
166 215
167 189
168 200
169 177
170 175
171 150
172 152
173 117
174 127
175 124
176 109
177 110
178 89
179 90
180 97
181 75
182 73
183 52
184 49
185 53
186 50
187 34
188 40
189 31
190 26
191 21
192 22
193 18
194 19
195 29
196 29
197 18
198 13
199 17
200 9
201 10
202 7
203 11
204 12
205 5
206 6
207 5
208 3
209 3
210 4
211 2
212 7
213 1
214 0
215 2
216 4
217 0
218 2
219 2
220 0
221 4
222 1
223 0
224 1
225 0
226 1
227 0
228 0
229 0
230 0
231 0
232 0
233 0
234 0
235 0
236 0
237 0
238 0
239 0
240 0
241 0
242 0
243 0
244 0
245 0
246 0
247 0
248 0
249 0
250 0
251 0
252 0
253 0
254 0
255 0
