0 0
1 0
2 1
3 2
4 2
5 1
6 3
7 4
8 4
9 9
10 12
11 13
12 21
13 19
14 24
15 22
16 31
17 38
18 35
19 50
20 53
21 71
22 75
23 79
24 106
25 143
26 159
27 145
28 186
29 160
30 238
31 257
32 303
33 332
34 334
35 373
36 374
37 424
38 485
39 559
40 551
41 595
42 739
43 682
44 805
45 832
46 873
47 960
48 1003
49 1059
50 1168
51 1204
52 1305
53 1346
54 1461
55 1470
56 1582
57 1666
58 1737
59 1875
60 1856
61 1981
62 2016
63 2154
64 2222
65 2272
66 2292
67 2451
68 2461
69 2469
70 2591
71 2645
72 2766
73 2811
74 2892
75 2889
76 3006
77 3066
78 3011
79 3102
80 3215
81 3309
82 3221
83 3311
84 3331
85 3376
86 3398
87 3384
88 3339
89 3424
90 3456
91 3470
92 3461
93 3439
94 3380
95 3625
96 3523
97 3478
98 3408
99 3363
100 3388
101 3402
102 3442
103 3414
104 3332
105 3331
106 3299
107 3295
108 3244
109 3198
110 3108
111 3106
112 3162
113 3032
114 3082
115 3006
116 3023
117 2858
118 2809
119 2826
120 2755
121 2830
122 2717
123 2805
124 2656
125 2569
126 2552
127 2532
128 2453
129 2524
130 2456
131 2381
132 2328
133 2298
134 2318
135 2231
136 2219
137 2306
138 2191
139 2150
140 2051
141 2133
142 2098
143 2096
144 2139
145 2060
146 1963
147 2010
148 1978
149 1954
150 1974
151 1990
152 1977
153 1902
154 1836
155 1827
156 1797
157 1839
158 1824
159 1840
160 1803
161 1875
162 1768
163 1823
164 1851
165 1822
166 1717
167 1832
168 1810
169 1817
170 1792
171 1804
172 1685
173 1776
174 1765
175 1747
176 1673
177 1658
178 1719
179 1692
180 1681
181 1692
182 1669
183 1717
184 1729
185 1732
186 1721
187 1732
188 1671
189 1735
190 1693
191 1772
192 1690
193 1714
194 1684
195 1675
196 1633
197 1644
198 1701
199 1646
200 1701
201 1626
202 1693
203 1594
204 1606
205 1662
206 1608
207 1588
208 1560
209 1523
210 1555
211 1542
212 1454
213 1481
214 1464
215 1493
216 1408
217 1380
218 1388
219 1284
220 1352
221 1294
222 1245
223 1262
224 1128
225 1098
226 1138
227 1020
228 1021
229 943
230 933
231 891
232 859
233 713
234 715
235 662
236 625
237 543
238 546
239 484
240 444
241 381
242 344
243 309
244 243
245 234
246 175
247 159
248 128
249 94
250 82
251 45
252 42
253 24
254 14
255 0
