0 0
1 0
2 0
3 0
4 0
5 0
6 0
7 0
8 0
9 0
10 0
11 0
12 0
13 0
14 0
15 0
16 0
17 0
18 0
19 0
20 0
21 0
22 0
23 0
24 1
25 1
26 0
27 1
28 0
29 1
30 0
31 1
32 4
33 3
34 1
35 8
36 11
37 11
38 19
39 21
40 37
41 33
42 56
43 53
44 58
45 74
46 97
47 90
48 127
49 168
50 208
51 215
52 308
53 333
54 356
55 415
56 513
57 589
58 649
59 728
60 803
61 936
62 1057
63 1179
64 1295
65 1434
66 1605
67 1762
68 1859
69 2024
70 2178
71 2318
72 2548
73 2782
74 2930
75 3108
76 3362
77 3500
78 3670
79 3806
80 3996
81 4274
82 4415
83 4707
84 4763
85 4857
86 4972
87 5200
88 5333
89 5316
90 5444
91 5550
92 5472
93 5614
94 5720
95 5825
96 5762
97 5697
98 5884
99 5871
100 5930
101 5943
102 5864
103 5775
104 5852
105 5662
106 5697
107 5660
108 5682
109 5539
110 5505
111 5566
112 5417
113 5526
114 5384
115 5259
116 5304
117 5288
118 5175
119 5044
120 5126
121 5040
122 5033
123 4880
124 4868
125 4700
126 4734
127 4811
128 4777
129 4782
130 4582
131 4507
132 4601
133 4490
134 4459
135 4400
136 4284
137 4350
138 4377
139 4318
140 4307
141 4276
142 4294
143 4239
144 4261
145 4182
146 4043
147 4055
148 4021
149 4099
150 3974
151 3938
152 3981
153 3940
154 3995
155 3972
156 3860
157 3965
158 4019
159 3986
160 3777
161 3833
162 3829
163 3853
164 3703
165 3848
166 3784
167 3754
168 3806
169 3872
170 3743
171 3829
172 3815
173 3817
174 3775
175 3741
176 3662
177 3878
178 3636
179 3747
180 3730
181 3634
182 3673
183 3759
184 3498
185 3679
186 3538
187 3686
188 3613
189 3479
190 3461
191 3425
192 3417
193 3404
194 3250
195 3286
196 3204
197 3162
198 3123
199 3085
200 2988
201 2952
202 2869
203 2755
204 2710
205 2583
206 2466
207 2387
208 2392
209 2193
210 2138
211 2057
212 2042
213 1846
214 1810
215 1601
216 1556
217 1432
218 1284
219 1180
220 1122
221 1003
222 912
223 934
224 773
225 700
226 602
227 536
228 472
229 410
230 393
231 301
232 276
233 220
234 237
235 173
236 138
237 102
238 104
239 96
240 76
241 52
242 46
243 34
244 35
245 30
246 17
247 16
248 12
249 3
250 4
251 5
252 1
253 0
254 0
255 0
