0 0
1 0
2 0
3 0
4 0
5 0
6 0
7 0
8 0
9 0
10 0
11 0
12 0
13 0
14 0
15 0
16 0
17 0
18 0
19 0
20 0
21 0
22 1
23 0
24 1
25 1
26 1
27 2
28 2
29 1
30 8
31 8
32 18
33 26
34 44
35 60
36 87
37 141
38 197
39 255
40 356
41 448
42 608
43 775
44 1003
45 1225
46 1493
47 1900
48 2203
49 2776
50 3107
51 3500
52 4122
53 4495
54 5187
55 5625
56 6082
57 6748
58 6998
59 7638
60 7916
61 7953
62 8282
63 8643
64 8771
65 9067
66 8897
67 9014
68 8949
69 9003
70 8505
71 8381
72 8269
73 8080
74 7923
75 7755
76 7492
77 7314
78 7071
79 6954
80 6629
81 6401
82 6224
83 6093
84 5834
85 5713
86 5543
87 5338
88 5314
89 5189
90 4802
91 4780
92 4610
93 4461
94 4418
95 4426
96 4132
97 4124
98 3899
99 3931
100 3810
101 3655
102 3627
103 3574
104 3496
105 3410
106 3379
107 3235
108 3218
109 3213
110 3067
111 2975
112 3020
113 2950
114 2841
115 2799
116 2721
117 2818
118 2854
119 2617
120 2644
121 2602
122 2564
123 2566
124 2492
125 2441
126 2349
127 2436
128 2355
129 2421
130 2305
131 2302
132 2368
133 2211
134 2242
135 2209
136 2206
137 2182
138 2136
139 2150
140 2214
141 2141
142 2181
143 2089
144 2154
145 2101
146 2039
147 2036
148 1965
149 2047
150 2043
151 2065
152 2017
153 2011
154 2045
155 2094
156 1981
157 1914
158 1915
159 1986
160 1964
161 1967
162 1880
163 1981
164 1886
165 2000
166 2003
167 1947
168 1943
169 2004
170 1963
171 1871
172 1972
173 1998
174 1937
175 2003
176 1972
177 2060
178 1960
179 1945
180 1972
181 1888
182 1916
183 1857
184 1920
185 1964
186 1868
187 1870
188 1879
189 1847
190 1873
191 1832
192 1948
193 1882
194 1855
195 1797
196 1769
197 1766
198 1678
199 1678
200 1677
201 1695
202 1691
203 1646
204 1580
205 1552
206 1534
207 1516
208 1459
209 1384
210 1386
211 1331
212 1296
213 1180
214 1103
215 1127
216 1058
217 986
218 909
219 775
220 770
221 705
222 673
223 621
224 536
225 491
226 425
227 377
228 322
229 230
230 225
231 199
232 160
233 136
234 118
235 95
236 64
237 62
238 52
239 36
240 37
241 20
242 11
243 10
244 15
245 2
246 2
247 2
248 0
249 0
250 0
251 0
252 0
253 0
254 0
255 0
