0 0
1 0
2 0
3 0
4 0
5 0
6 0
7 0
8 0
9 0
10 1
11 0
12 1
13 0
14 2
15 3
16 3
17 3
18 2
19 4
20 6
21 9
22 8
23 11
24 12
25 25
26 30
27 38
28 55
29 61
30 89
31 96
32 125
33 146
34 177
35 205
36 246
37 286
38 288
39 392
40 446
41 533
42 649
43 790
44 875
45 1038
46 1164
47 1372
48 1536
49 1783
50 2005
51 2275
52 2457
53 2735
54 2878
55 3325
56 3560
57 3654
58 3916
59 4284
60 4232
61 4623
62 4848
63 5012
64 5066
65 5332
66 5389
67 5533
68 5680
69 5841
70 5733
71 5743
72 5872
73 5879
74 5829
75 5634
76 5771
77 5787
78 5826
79 5738
80 5716
81 5681
82 5604
83 5639
84 5481
85 5507
86 5315
87 5373
88 5293
89 5401
90 5304
91 5194
92 5080
93 4955
94 5139
95 5133
96 4754
97 4892
98 4817
99 4823
100 4691
101 4573
102 4577
103 4461
104 4315
105 4370
106 4374
107 4321
108 4167
109 4258
110 4089
111 4078
112 4084
113 4074
114 3889
115 3894
116 3784
117 3752
118 3731
119 3592
120 3674
121 3632
122 3504
123 3457
124 3424
125 3425
126 3312
127 3352
128 3194
129 3204
130 3169
131 3163
132 3027
133 3025
134 2969
135 2943
136 2832
137 2832
138 2759
139 2744
140 2694
141 2653
142 2504
143 2556
144 2511
145 2379
146 2353
147 2293
148 2234
149 2250
150 2218
151 2104
152 2171
153 2061
154 1944
155 2015
156 1782
157 1770
158 1733
159 1696
160 1602
161 1652
162 1516
163 1529
164 1372
165 1322
166 1306
167 1270
168 1196
169 1186
170 1060
171 1060
172 1034
173 990
174 952
175 894
176 811
177 846
178 734
179 675
180 685
181 609
182 609
183 579
184 536
185 494
186 493
187 444
188 449
189 367
190 357
191 357
192 318
193 309
194 264
195 288
196 240
197 216
198 212
199 211
200 180
201 207
202 170
203 156
204 134
205 139
206 138
207 128
208 115
209 106
210 103
211 65
212 96
213 94
214 67
215 67
216 54
217 63
218 51
219 64
220 45
221 35
222 26
223 31
224 42
225 24
226 17
227 13
228 18
229 20
230 7
231 6
232 13
233 2
234 5
235 1
236 4
237 1
238 0
239 0
240 1
241 0
242 0
243 0
244 0
245 0
246 0
247 0
248 0
249 0
250 0
251 0
252 0
253 0
254 0
255 0
