0 0
1 0
2 0
3 0
4 0
5 0
6 0
7 0
8 0
9 0
10 0
11 0
12 0
13 0
14 0
15 0
16 0
17 0
18 0
19 0
20 0
21 0
22 0
23 0
24 0
25 0
26 0
27 0
28 0
29 0
30 0
31 0
32 0
33 1
34 0
35 1
36 5
37 0
38 1
39 1
40 6
41 4
42 3
43 9
44 7
45 14
46 6
47 13
48 18
49 30
50 35
51 40
52 56
53 74
54 104
55 106
56 134
57 200
58 243
59 298
60 335
61 389
62 497
63 630
64 696
65 793
66 921
67 1121
68 1279
69 1478
70 1696
71 1825
72 2073
73 2261
74 2557
75 2745
76 3034
77 3452
78 3644
79 3806
80 4161
81 4294
82 4588
83 4753
84 5021
85 5198
86 5362
87 5475
88 5737
89 5806
90 5893
91 6038
92 6088
93 6222
94 6106
95 6193
96 6249
97 6117
98 6213
99 6415
100 6157
101 6178
102 6128
103 6045
104 6065
105 6139
106 5963
107 5977
108 5964
109 5847
110 5896
111 5814
112 5659
113 5639
114 5736
115 5598
116 5580
117 5382
118 5520
119 5480
120 5585
121 5302
122 5433
123 5198
124 5225
125 5393
126 5165
127 5298
128 5182
129 5175
130 5171
131 5064
132 5104
133 5132
134 4973
135 5055
136 4889
137 4844
138 4918
139 5045
140 4911
141 4837
142 4963
143 4930
144 4765
145 4802
146 4720
147 4829
148 4877
149 4861
150 4722
151 4852
152 4760
153 4783
154 4634
155 4748
156 4752
157 4779
158 4771
159 4733
160 4850
161 4609
162 4827
163 4744
164 4752
165 4638
166 4612
167 4581
168 4666
169 4592
170 4621
171 4471
172 4563
173 4322
174 4318
175 4125
176 4234
177 4076
178 4099
179 3946
180 3851
181 3824
182 3658
183 3556
184 3490
185 3253
186 3313
187 3169
188 3089
189 3067
190 2888
191 2851
192 2708
193 2645
194 2545
195 2397
196 2324
197 2182
198 2271
199 2131
200 2012
201 1925
202 1808
203 1718
204 1734
205 1592
206 1482
207 1446
208 1310
209 1248
210 1161
211 1101
212 1023
213 956
214 910
215 812
216 731
217 715
218 614
219 518
220 509
221 464
222 364
223 382
224 336
225 292
226 285
227 219
228 185
229 168
230 158
231 137
232 105
233 115
234 92
235 75
236 56
237 60
238 46
239 47
240 35
241 33
242 24
243 20
244 13
245 7
246 7
247 8
248 3
249 7
250 0
251 1
252 0
253 0
254 0
255 0
