0 0
1 0
2 0
3 0
4 0
5 0
6 0
7 0
8 0
9 0
10 0
11 0
12 0
13 0
14 0
15 0
16 0
17 0
18 0
19 0
20 0
21 0
22 0
23 0
24 2
25 0
26 1
27 3
28 2
29 3
30 8
31 7
32 8
33 11
34 9
35 25
36 31
37 25
38 47
39 69
40 77
41 94
42 115
43 146
44 216
45 268
46 321
47 417
48 476
49 612
50 721
51 848
52 1008
53 1183
54 1453
55 1513
56 1764
57 1987
58 2285
59 2706
60 2869
61 3172
62 3467
63 3832
64 4120
65 4471
66 4603
67 5083
68 5315
69 5530
70 5910
71 5971
72 6385
73 6472
74 6700
75 6729
76 6621
77 6989
78 6980
79 7100
80 7124
81 7349
82 7047
83 7084
84 6960
85 7097
86 7049
87 6941
88 6777
89 6683
90 6634
91 6619
92 6586
93 6398
94 6384
95 6310
96 6015
97 6216
98 6028
99 5884
100 5812
101 5628
102 5734
103 5691
104 5395
105 5364
106 5320
107 5290
108 5162
109 5342
110 5011
111 5032
112 4954
113 4853
114 4887
115 4827
116 4806
117 4648
118 4641
119 4474
120 4500
121 4409
122 4349
123 4380
124 4362
125 4282
126 4256
127 4180
128 4059
129 4043
130 3995
131 3942
132 3902
133 3973
134 3744
135 3822
136 3714
137 3714
138 3679
139 3672
140 3558
141 3590
142 3598
143 3511
144 3474
145 3364
146 3405
147 3352
148 3337
149 3328
150 3260
151 3224
152 3113
153 3149
154 3062
155 3039
156 2949
157 2920
158 2948
159 2972
160 2818
161 2825
162 2777
163 2808
164 2694
165 2720
166 2678
167 2600
168 2578
169 2614
170 2556
171 2483
172 2423
173 2456
174 2337
175 2354
176 2276
177 2270
178 2205
179 2088
180 2134
181 2115
182 2022
183 1980
184 2028
185 1892
186 1919
187 1767
188 1717
189 1795
190 1745
191 1618
192 1616
193 1578
194 1469
195 1500
196 1433
197 1284
198 1342
199 1235
200 1200
201 1138
202 1120
203 1018
204 1019
205 961
206 936
207 879
208 823
209 733
210 717
211 693
212 625
213 562
214 523
215 455
216 449
217 393
218 393
219 327
220 356
221 268
222 253
223 208
224 203
225 171
226 159
227 143
228 90
229 98
230 94
231 85
232 65
233 61
234 55
235 47
236 40
237 51
238 25
239 22
240 17
241 11
242 10
243 14
244 7
245 5
246 3
247 3
248 1
249 3
250 0
251 1
252 0
253 0
254 0
255 0
