 	Area	Mean	StdDev	Mode	Min	Max	X	Y	XM	YM	Perim.	BX	BY	Width	Height	Major	Minor	Angle	Circ.	Feret	IntDen	Median	Skew	Kurt	%Area	RawIntDen	Slice	FeretX	FeretY	FeretAngle	MinFeret	AR	Round	Solidity
1	342.744	97	0	97	97	97	7136.890	27.770	7136.890	27.770	52.364	7127.633	18.513	18.513	18.513	20.890	20.890	0	1	26.182	33246.121	97	NaN	NaN	100	97	1	7127.633	18.513	135	18.513	1	1.000	1
2	2399.205	104.571	4.392	102	102	111	9562.137	43.639	9562.592	43.704	183.273	9534.367	18.513	55.540	55.540	61.715	49.498	123.401	0.898	78.545	250888.250	102	0.949	-1.100	100	732	1	9534.367	18.513	135	55.540	1.247	0.802	0.824
3	685.487	110	0	110	110	110	15588.227	27.770	15588.227	27.770	78.545	15569.713	18.513	37.027	18.513	41.780	20.890	0	1	41.397	75403.572	110	NaN	NaN	100	220	1	15569.713	18.513	153.435	18.513	2	0.500	1
4	342.744	98	0	98	98	98	3119.497	46.283	3119.497	46.283	52.364	3110.240	37.027	18.513	18.513	20.890	20.890	0	1	26.182	33588.864	98	NaN	NaN	100	98	1	3110.240	37.027	135	18.513	1	1.000	1
5	3427.435	99.700	1.252	100	98	101	15536.389	72.202	15536.261	72.150	209.454	15495.660	37.027	74.053	74.053	66.976	65.157	116.565	0.982	82.794	341715.281	100	-0.480	-1.307	100	997	1	15514.173	37.027	116.565	74.053	1.028	0.973	0.769
6	685.487	124	0	124	124	124	3850.773	101.823	3850.773	101.823	78.545	3832.260	92.567	37.027	18.513	41.780	20.890	0	1	41.397	85000.391	124	NaN	NaN	100	248	1	3832.260	92.567	153.435	18.513	2	0.500	1
7	1028.231	116	16.371	102	102	134	11376.443	101.823	11376.975	101.823	115.572	11348.673	92.567	55.540	18.513	62.670	20.890	0	0.967	58.544	119274.742	112	0.422	-1.500	100	348	1	11348.673	92.567	161.565	18.513	3	0.333	1
8	342.744	112	0	112	112	112	14912.490	101.823	14912.490	101.823	52.364	14903.233	92.567	18.513	18.513	20.890	20.890	0	1	26.182	38387.273	112	NaN	NaN	100	112	1	14903.233	92.567	135	18.513	1	1.000	1
9	10625.049	113.774	12.787	100	100	144	756.956	238.583	755.202	237.600	409.925	703.507	166.620	111.080	148.107	131.095	103.194	87.862	0.795	158.178	1208856.364	111	0.792	-0.535	100	3527	1	722.020	314.727	69.444	111.080	1.270	0.787	0.785
10	342.744	96	0	96	96	96	3823.003	175.877	3823.003	175.877	52.364	3813.747	166.620	18.513	18.513	20.890	20.890	0	1	26.182	32903.377	96	NaN	NaN	100	96	1	3813.747	166.620	135	18.513	1	1.000	1
11	685.487	116	0	116	116	116	11867.047	194.390	11867.047	194.390	78.545	11848.533	185.133	37.027	18.513	41.780	20.890	0	1	41.397	79516.495	116	NaN	NaN	100	232	1	11848.533	185.133	153.435	18.513	2	0.500	1
12	685.487	102	9.899	95	95	109	4387.660	212.903	4388.295	212.903	78.545	4369.147	203.647	37.027	18.513	41.780	20.890	0	1	41.397	69919.676	109	0	-2	100	204	1	4369.147	203.647	153.435	18.513	2	0.500	1
13	342.744	111	0	111	111	111	9765.783	212.903	9765.783	212.903	52.364	9756.527	203.647	18.513	18.513	20.890	20.890	0	1	26.182	38044.530	111	NaN	NaN	100	111	1	9756.527	203.647	135	18.513	1	1.000	1
14	342.744	109	0	109	109	109	16708.283	231.417	16708.283	231.417	52.364	16699.027	222.160	18.513	18.513	20.890	20.890	0	1	26.182	37359.043	109	NaN	NaN	100	109	1	16699.027	222.160	135	18.513	1	1.000	1
15	342.744	113	0	113	113	113	842.357	249.930	842.357	249.930	52.364	833.100	240.673	18.513	18.513	20.890	20.890	0	1	26.182	38730.017	113	NaN	NaN	100	113	1	833.100	240.673	135	18.513	1	1.000	1
16	685.487	98	0	98	98	98	11469.010	277.700	11469.010	277.700	89.390	11459.753	259.187	18.513	37.027	41.780	20.890	90	1	41.397	67177.728	98	NaN	NaN	100	196	1	11459.753	259.187	116.565	18.513	2	0.500	1
17	342.744	113	0	113	113	113	842.357	286.957	842.357	286.957	52.364	833.100	277.700	18.513	18.513	20.890	20.890	0	1	26.182	38730.017	113	NaN	NaN	100	113	1	833.100	277.700	135	18.513	1	1.000	1
18	342.744	98	0	98	98	98	15930.723	305.470	15930.723	305.470	52.364	15921.467	296.213	18.513	18.513	20.890	20.890	0	1	26.182	33588.864	98	NaN	NaN	100	98	1	15921.467	296.213	135	18.513	1	1.000	1
19	342.744	107	0	107	107	107	10950.637	398.037	10950.637	398.037	52.364	10941.380	388.780	18.513	18.513	20.890	20.890	0	1	26.182	36673.556	107	NaN	NaN	100	107	1	10941.380	388.780	135	18.513	1	1.000	1
20	342.744	96	0	96	96	96	11765.223	398.037	11765.223	398.037	52.364	11755.967	388.780	18.513	18.513	20.890	20.890	0	1	26.182	32903.377	96	NaN	NaN	100	96	1	11755.967	388.780	135	18.513	1	1.000	1
21	342.744	116	0	116	116	116	16412.070	416.550	16412.070	416.550	52.364	16402.813	407.293	18.513	18.513	20.890	20.890	0	1	26.182	39758.247	116	NaN	NaN	100	116	1	16402.813	407.293	135	18.513	1	1.000	1
22	1370.974	102	0	102	102	102	6308.418	448.948	6308.418	448.948	141.754	6276.020	425.807	55.540	37.027	59.086	29.543	18.435	0.857	66.751	139839.353	102	NaN	NaN	100	408	1	6276.020	462.833	33.690	37.027	2.000	0.500	0.800
23	342.744	111	0	111	111	111	7803.370	490.603	7803.370	490.603	52.364	7794.113	481.347	18.513	18.513	20.890	20.890	0	1	26.182	38044.530	111	NaN	NaN	100	111	1	7794.113	481.347	135	18.513	1	1.000	1
24	342.744	95	0	95	95	95	10413.750	527.630	10413.750	527.630	52.364	10404.493	518.373	18.513	18.513	20.890	20.890	0	1	26.182	32560.634	95	NaN	NaN	100	95	1	10404.493	518.373	135	18.513	1	1.000	1
25	1028.231	131.667	18.903	117	117	153	2471.530	564.657	2471.905	564.657	115.572	2443.760	555.400	55.540	18.513	62.670	20.890	0	0.967	58.544	135383.687	125	0.567	-1.500	100	395	1	2443.760	555.400	161.565	18.513	3	0.333	1
26	685.487	107	7.071	102	102	112	11792.993	564.657	11793.426	564.657	78.545	11774.480	555.400	37.027	18.513	41.780	20.890	0	1	41.397	73347.111	112	0	-2	100	214	1	11774.480	555.400	153.435	18.513	2	0.500	1
27	685.487	101.500	3.536	99	99	104	11330.160	601.683	11330.388	601.683	78.545	11311.647	592.427	37.027	18.513	41.780	20.890	0	1	41.397	69576.933	104	0	-2	100	203	1	11311.647	592.427	153.435	18.513	2	0.500	1
28	685.487	105	0	105	105	105	5516.973	657.223	5516.973	657.223	78.545	5498.460	647.967	37.027	18.513	41.780	20.890	0	1	41.397	71976.137	105	NaN	NaN	100	210	1	5498.460	647.967	153.435	18.513	2	0.500	1
29	685.487	97	0	97	97	97	2073.493	675.737	2073.493	675.737	78.545	2054.980	666.480	37.027	18.513	41.780	20.890	0	1	41.397	66492.241	97	NaN	NaN	100	194	1	2054.980	666.480	153.435	18.513	2	0.500	1
30	342.744	99	0	99	99	99	4248.810	694.250	4248.810	694.250	52.364	4239.553	684.993	18.513	18.513	20.890	20.890	0	1	26.182	33931.608	99	NaN	NaN	100	99	1	4239.553	684.993	135	18.513	1	1.000	1
31	342.744	114	0	114	114	114	6692.570	805.330	6692.570	805.330	52.364	6683.313	796.073	18.513	18.513	20.890	20.890	0	1	26.182	39072.760	114	NaN	NaN	100	114	1	6683.313	796.073	135	18.513	1	1.000	1
32	342.744	120	0	120	120	120	5785.417	823.843	5785.417	823.843	52.364	5776.160	814.587	18.513	18.513	20.890	20.890	0	1	26.182	41129.221	120	NaN	NaN	100	120	1	5776.160	814.587	135	18.513	1	1.000	1
33	685.487	100	0	100	100	100	5637.310	851.613	5637.310	851.613	89.390	5628.053	833.100	18.513	37.027	41.780	20.890	90	1	41.397	68548.702	100	NaN	NaN	100	200	1	5628.053	833.100	116.565	18.513	2	0.500	1
34	342.744	98	0	98	98	98	6396.357	842.357	6396.357	842.357	52.364	6387.100	833.100	18.513	18.513	20.890	20.890	0	1	26.182	33588.864	98	NaN	NaN	100	98	1	6387.100	833.100	135	18.513	1	1.000	1
35	342.744	99	0	99	99	99	2453.017	897.897	2453.017	897.897	52.364	2443.760	888.640	18.513	18.513	20.890	20.890	0	1	26.182	33931.608	99	NaN	NaN	100	99	1	2443.760	888.640	135	18.513	1	1.000	1
36	342.744	110	0	110	110	110	10136.050	897.897	10136.050	897.897	52.364	10126.793	888.640	18.513	18.513	20.890	20.890	0	1	26.182	37701.786	110	NaN	NaN	100	110	1	10126.793	888.640	135	18.513	1	1.000	1
37	342.744	113	0	113	113	113	11061.717	916.410	11061.717	916.410	52.364	11052.460	907.153	18.513	18.513	20.890	20.890	0	1	26.182	38730.017	113	NaN	NaN	100	113	1	11052.460	907.153	135	18.513	1	1.000	1
38	342.744	131	0	131	131	131	7062.837	934.923	7062.837	934.923	52.364	7053.580	925.667	18.513	18.513	20.890	20.890	0	1	26.182	44899.400	131	NaN	NaN	100	131	1	7053.580	925.667	135	18.513	1	1.000	1
39	342.744	108	0	108	108	108	10061.997	934.923	10061.997	934.923	52.364	10052.740	925.667	18.513	18.513	20.890	20.890	0	1	26.182	37016.299	108	NaN	NaN	100	108	1	10052.740	925.667	135	18.513	1	1.000	1
40	685.487	102	0	102	102	102	6146.427	971.950	6146.427	971.950	78.545	6127.913	962.693	37.027	18.513	41.780	20.890	0	1	41.397	69919.676	102	NaN	NaN	100	204	1	6127.913	962.693	153.435	18.513	2	0.500	1
41	342.744	108	0	108	108	108	12690.890	990.463	12690.890	990.463	52.364	12681.633	981.207	18.513	18.513	20.890	20.890	0	1	26.182	37016.299	108	NaN	NaN	100	108	1	12681.633	981.207	135	18.513	1	1.000	1
42	1028.231	108	1.732	109	106	109	6155.683	1008.977	6155.512	1008.977	115.572	6127.913	999.720	55.540	18.513	62.670	20.890	0	0.967	58.544	111048.898	109	-0.707	-1.500	100	324	1	6127.913	999.720	161.565	18.513	3	0.333	1
43	685.487	102	0	102	102	102	11145.027	1175.597	11145.027	1175.597	78.545	11126.513	1166.340	37.027	18.513	41.780	20.890	0	1	41.397	69919.676	102	NaN	NaN	100	204	1	11126.513	1166.340	153.435	18.513	2	0.500	1
44	342.744	132	0	132	132	132	7433.103	1194.110	7433.103	1194.110	52.364	7423.847	1184.853	18.513	18.513	20.890	20.890	0	1	26.182	45242.143	132	NaN	NaN	100	132	1	7423.847	1184.853	135	18.513	1	1.000	1
45	8225.844	113.250	11.345	109	95	135	6973.356	1275.106	6973.471	1276.644	414.417	6923.987	1203.367	129.593	148.107	155.575	67.321	57.100	0.602	170.684	931576.863	112	0.461	-0.251	100	2718	1	6923.987	1332.960	40.601	92.628	2.311	0.433	0.649
46	685.487	108.500	2.121	107	107	110	13403.653	1212.623	13403.525	1212.623	78.545	13385.140	1203.367	37.027	18.513	41.780	20.890	0	1	41.397	74375.342	110	0	-2	100	217	1	13385.140	1203.367	153.435	18.513	2	0.500	1
47	342.744	112	0	112	112	112	9599.163	1231.137	9599.163	1231.137	52.364	9589.907	1221.880	18.513	18.513	20.890	20.890	0	1	26.182	38387.273	112	NaN	NaN	100	112	1	9589.907	1221.880	135	18.513	1	1.000	1
48	1713.718	97	0	97	97	97	5344.799	1308.893	5344.799	1308.893	167.936	5313.327	1295.933	74.053	37.027	77.448	28.173	10.901	0.764	82.794	166230.603	97	NaN	NaN	100	485	1	5313.327	1332.960	26.565	37.027	2.749	0.364	0.769
49	342.744	123	0	123	123	123	7433.103	1305.190	7433.103	1305.190	52.364	7423.847	1295.933	18.513	18.513	20.890	20.890	0	1	26.182	42157.452	123	NaN	NaN	100	123	1	7423.847	1295.933	135	18.513	1	1.000	1
50	342.744	97	0	97	97	97	3249.090	1323.703	3249.090	1323.703	52.364	3239.833	1314.447	18.513	18.513	20.890	20.890	0	1	26.182	33246.121	97	NaN	NaN	100	97	1	3239.833	1314.447	135	18.513	1	1.000	1
51	342.744	95	0	95	95	95	6896.217	1323.703	6896.217	1323.703	52.364	6886.960	1314.447	18.513	18.513	20.890	20.890	0	1	26.182	32560.634	95	NaN	NaN	100	95	1	6886.960	1314.447	135	18.513	1	1.000	1
52	342.744	100	0	100	100	100	7359.050	1323.703	7359.050	1323.703	52.364	7349.793	1314.447	18.513	18.513	20.890	20.890	0	1	26.182	34274.351	100	NaN	NaN	100	100	1	7349.793	1314.447	135	18.513	1	1.000	1
53	342.744	98	0	98	98	98	13486.963	1323.703	13486.963	1323.703	52.364	13477.707	1314.447	18.513	18.513	20.890	20.890	0	1	26.182	33588.864	98	NaN	NaN	100	98	1	13477.707	1314.447	135	18.513	1	1.000	1
54	342.744	115	0	115	115	115	7396.077	1342.217	7396.077	1342.217	52.364	7386.820	1332.960	18.513	18.513	20.890	20.890	0	1	26.182	39415.504	115	NaN	NaN	100	115	1	7386.820	1332.960	135	18.513	1	1.000	1
55	342.744	110	0	110	110	110	6896.217	1360.730	6896.217	1360.730	52.364	6886.960	1351.473	18.513	18.513	20.890	20.890	0	1	26.182	37701.786	110	NaN	NaN	100	110	1	6886.960	1351.473	135	18.513	1	1.000	1
56	342.744	115	0	115	115	115	4637.590	1397.757	4637.590	1397.757	52.364	4628.333	1388.500	18.513	18.513	20.890	20.890	0	1	26.182	39415.504	115	NaN	NaN	100	115	1	4628.333	1388.500	135	18.513	1	1.000	1
57	1028.231	106.667	3.055	104	104	110	6896.217	1397.757	6896.332	1397.757	115.572	6868.447	1388.500	55.540	18.513	62.670	20.890	0	0.967	58.544	109677.924	106	0.382	-1.500	100	320	1	6868.447	1388.500	161.565	18.513	3	0.333	1
58	342.744	106	0	106	106	106	11617.117	1397.757	11617.117	1397.757	52.364	11607.860	1388.500	18.513	18.513	20.890	20.890	0	1	26.182	36330.812	106	NaN	NaN	100	106	1	11607.860	1388.500	135	18.513	1	1.000	1
59	685.487	100	0	100	100	100	6961.013	1416.270	6961.013	1416.270	78.545	6942.500	1407.013	37.027	18.513	41.780	20.890	0	1	41.397	68548.702	100	NaN	NaN	100	200	1	6942.500	1407.013	153.435	18.513	2	0.500	1
60	685.487	123.500	33.234	100	100	147	6961.013	1453.297	6959.252	1453.297	78.545	6942.500	1444.040	37.027	18.513	41.780	20.890	0	1	41.397	84657.647	147	0	-2	100	247	1	6942.500	1444.040	153.435	18.513	2	0.500	1
61	342.744	110	0	110	110	110	9451.057	1471.810	9451.057	1471.810	52.364	9441.800	1462.553	18.513	18.513	20.890	20.890	0	1	26.182	37701.786	110	NaN	NaN	100	110	1	9441.800	1462.553	135	18.513	1	1.000	1
62	342.744	105	0	105	105	105	3489.763	1490.323	3489.763	1490.323	52.364	3480.507	1481.067	18.513	18.513	20.890	20.890	0	1	26.182	35988.069	105	NaN	NaN	100	105	1	3480.507	1481.067	135	18.513	1	1.000	1
63	3084.692	126.111	11.494	121	104	142	6157.740	1521.179	6157.722	1520.630	194.118	6127.913	1481.067	55.540	74.053	72.553	54.133	110.301	1	82.794	389013.885	126	-0.403	-0.318	100	1135	1	6146.427	1481.067	116.565	55.540	1.340	0.746	0.857
64	342.744	109	0	109	109	109	10506.317	1545.863	10506.317	1545.863	52.364	10497.060	1536.607	18.513	18.513	20.890	20.890	0	1	26.182	37359.043	109	NaN	NaN	100	109	1	10497.060	1536.607	135	18.513	1	1.000	1
65	1028.231	143.667	5.774	147	137	147	8432.823	1730.997	8432.394	1730.997	115.572	8405.053	1721.740	55.540	18.513	62.670	20.890	0	0.967	58.544	147722.453	147	-0.707	-1.500	100	431	1	8405.053	1721.740	161.565	18.513	3	0.333	1
66	685.487	98	0	98	98	98	7988.503	1758.767	7988.503	1758.767	89.390	7979.247	1740.253	18.513	37.027	41.780	20.890	90	1	41.397	67177.728	98	NaN	NaN	100	196	1	7979.247	1740.253	116.565	18.513	2	0.500	1
67	342.744	103	0	103	103	103	2860.310	1786.537	2860.310	1786.537	52.364	2851.053	1777.280	18.513	18.513	20.890	20.890	0	1	26.182	35302.582	103	NaN	NaN	100	103	1	2851.053	1777.280	135	18.513	1	1.000	1
68	342.744	101	0	101	101	101	4748.670	1786.537	4748.670	1786.537	52.364	4739.413	1777.280	18.513	18.513	20.890	20.890	0	1	26.182	34617.095	101	NaN	NaN	100	101	1	4739.413	1777.280	135	18.513	1	1.000	1
69	342.744	105	0	105	105	105	3434.223	1805.050	3434.223	1805.050	52.364	3424.967	1795.793	18.513	18.513	20.890	20.890	0	1	26.182	35988.069	105	NaN	NaN	100	105	1	3424.967	1795.793	135	18.513	1	1.000	1
70	342.744	101	0	101	101	101	1582.890	1842.077	1582.890	1842.077	52.364	1573.633	1832.820	18.513	18.513	20.890	20.890	0	1	26.182	34617.095	101	NaN	NaN	100	101	1	1573.633	1832.820	135	18.513	1	1.000	1
71	342.744	133	0	133	133	133	6285.277	1897.617	6285.277	1897.617	52.364	6276.020	1888.360	18.513	18.513	20.890	20.890	0	1	26.182	45584.887	133	NaN	NaN	100	133	1	6276.020	1888.360	135	18.513	1	1.000	1
72	685.487	111.500	3.536	109	109	114	6868.447	1897.617	6868.654	1897.617	78.545	6849.933	1888.360	37.027	18.513	41.780	20.890	0	1	41.397	76431.803	114	0	-2	100	223	1	6849.933	1888.360	153.435	18.513	2	0.500	1
73	685.487	123	0	123	123	123	2999.160	1916.130	2999.160	1916.130	78.545	2980.647	1906.873	37.027	18.513	41.780	20.890	0	1	41.397	84314.904	123	NaN	NaN	100	246	1	2980.647	1906.873	153.435	18.513	2	0.500	1
74	342.744	135	0	135	135	135	7766.343	1916.130	7766.343	1916.130	52.364	7757.087	1906.873	18.513	18.513	20.890	20.890	0	1	26.182	46270.374	135	NaN	NaN	100	135	1	7757.087	1906.873	135	18.513	1	1.000	1
75	685.487	109	15.556	98	98	120	4794.953	1934.643	4795.887	1934.643	78.545	4776.440	1925.387	37.027	18.513	41.780	20.890	0	1	41.397	74718.085	120	0	-2	100	218	1	4776.440	1925.387	153.435	18.513	2	0.500	1
76	342.744	95	0	95	95	95	9599.163	1934.643	9599.163	1934.643	52.364	9589.907	1925.387	18.513	18.513	20.890	20.890	0	1	26.182	32560.634	95	NaN	NaN	100	95	1	9589.907	1925.387	135	18.513	1	1.000	1
77	342.744	99	0	99	99	99	11172.797	1934.643	11172.797	1934.643	52.364	11163.540	1925.387	18.513	18.513	20.890	20.890	0	1	26.182	33931.608	99	NaN	NaN	100	99	1	11163.540	1925.387	135	18.513	1	1.000	1
78	1028.231	107.333	6.351	111	100	111	4730.157	1953.157	4730.789	1953.157	115.572	4702.387	1943.900	55.540	18.513	62.670	20.890	0	0.967	58.544	110363.411	111	-0.707	-1.500	100	322	1	4702.387	1943.900	161.565	18.513	3	0.333	1
79	1028.231	102	1.732	103	100	103	7766.343	2027.210	7766.162	2027.210	115.572	7738.573	2017.953	55.540	18.513	62.670	20.890	0	0.967	58.544	104879.514	103	-0.707	-1.500	100	306	1	7738.573	2017.953	161.565	18.513	3	0.333	1
80	342.744	102	0	102	102	102	6933.243	2045.723	6933.243	2045.723	52.364	6923.987	2036.467	18.513	18.513	20.890	20.890	0	1	26.182	34959.838	102	NaN	NaN	100	102	1	6923.987	2036.467	135	18.513	1	1.000	1
81	342.744	111	0	111	111	111	1268.163	2064.237	1268.163	2064.237	52.364	1258.907	2054.980	18.513	18.513	20.890	20.890	0	1	26.182	38044.530	111	NaN	NaN	100	111	1	1258.907	2054.980	135	18.513	1	1.000	1
82	3770.179	122.182	20.228	122	96	144	8508.560	2097.897	8508.612	2098.963	362.053	8442.080	2054.980	129.593	74.053	103.875	46.213	170.252	0.361	134.779	460647.279	122	-0.255	-1.667	100	1344	1	8442.080	2092.007	164.055	72.693	2.248	0.445	0.564
83	342.744	100	0	100	100	100	7840.397	2101.263	7840.397	2101.263	52.364	7831.140	2092.007	18.513	18.513	20.890	20.890	0	1	26.182	34274.351	100	NaN	NaN	100	100	1	7831.140	2092.007	135	18.513	1	1.000	1
84	1713.718	109.200	5.762	105	105	116	9980.538	2182.722	9981.162	2183.149	178.781	9960.173	2147.547	55.540	55.540	61.382	35.548	135.000	0.674	78.545	187137.957	105	0.420	-1.808	100	546	1	9960.173	2147.547	135	52.364	1.727	0.579	0.714
85	342.744	104	0	104	104	104	1323.703	2175.317	1323.703	2175.317	52.364	1314.447	2166.060	18.513	18.513	20.890	20.890	0	1	26.182	35645.325	104	NaN	NaN	100	104	1	1314.447	2166.060	135	18.513	1	1.000	1
86	342.744	125	0	125	125	125	3063.957	2193.830	3063.957	2193.830	52.364	3054.700	2184.573	18.513	18.513	20.890	20.890	0	1	26.182	42842.939	125	NaN	NaN	100	125	1	3054.700	2184.573	135	18.513	1	1.000	1
87	342.744	102	0	102	102	102	11024.690	2341.937	11024.690	2341.937	52.364	11015.433	2332.680	18.513	18.513	20.890	20.890	0	1	26.182	34959.838	102	NaN	NaN	100	102	1	11015.433	2332.680	135	18.513	1	1.000	1
88	342.744	124	0	124	124	124	6303.790	2360.450	6303.790	2360.450	52.364	6294.533	2351.193	18.513	18.513	20.890	20.890	0	1	26.182	42500.195	124	NaN	NaN	100	124	1	6294.533	2351.193	135	18.513	1	1.000	1
89	1028.231	124.667	1.155	124	124	126	6322.303	2397.477	6322.402	2397.477	115.572	6294.533	2388.220	55.540	18.513	62.670	20.890	0	0.967	58.544	128186.073	124	0.707	-1.500	100	374	1	6294.533	2388.220	161.565	18.513	3	0.333	1
90	685.487	97	0	97	97	97	3961.853	2434.503	3961.853	2434.503	78.545	3943.340	2425.247	37.027	18.513	41.780	20.890	0	1	41.397	66492.241	97	NaN	NaN	100	194	1	3943.340	2425.247	153.435	18.513	2	0.500	1
91	342.744	137	0	137	137	137	7636.750	2453.017	7636.750	2453.017	52.364	7627.493	2443.760	18.513	18.513	20.890	20.890	0	1	26.182	46955.861	137	NaN	NaN	100	137	1	7627.493	2443.760	135	18.513	1	1.000	1
92	342.744	139	0	139	139	139	3934.083	2490.043	3934.083	2490.043	52.364	3924.827	2480.787	18.513	18.513	20.890	20.890	0	1	26.182	47641.348	139	NaN	NaN	100	139	1	3924.827	2480.787	135	18.513	1	1.000	1
93	342.744	105	0	105	105	105	3471.250	2508.557	3471.250	2508.557	52.364	3461.993	2499.300	18.513	18.513	20.890	20.890	0	1	26.182	35988.069	105	NaN	NaN	100	105	1	3461.993	2499.300	135	18.513	1	1.000	1
94	5826.640	106.824	11.501	103	97	128	8990.401	2532.515	8991.598	2533.299	320.534	8941.940	2499.300	111.080	74.053	104.048	71.301	167.090	0.713	124.191	622422.216	103	1.125	-0.394	100	1816	1	8941.940	2499.300	153.435	74.053	1.459	0.685	0.810
95	342.744	122	0	122	122	122	7618.237	2527.070	7618.237	2527.070	52.364	7608.980	2517.813	18.513	18.513	20.890	20.890	0	1	26.182	41814.708	122	NaN	NaN	100	122	1	7608.980	2517.813	135	18.513	1	1.000	1
96	342.744	104	0	104	104	104	8506.877	2527.070	8506.877	2527.070	52.364	8497.620	2517.813	18.513	18.513	20.890	20.890	0	1	26.182	35645.325	104	NaN	NaN	100	104	1	8497.620	2517.813	135	18.513	1	1.000	1
97	342.744	108	0	108	108	108	5729.877	2545.583	5729.877	2545.583	52.364	5720.620	2536.327	18.513	18.513	20.890	20.890	0	1	26.182	37016.299	108	NaN	NaN	100	108	1	5720.620	2536.327	135	18.513	1	1.000	1
98	2741.948	117.125	21.088	113	95	158	9080.790	2608.066	9080.434	2610.311	220.299	9053.020	2573.353	55.540	74.053	80.619	43.304	67.198	0.710	92.567	321150.670	113	0.883	-0.170	100	937	1	9053.020	2647.407	53.130	55.540	1.862	0.537	0.762
99	342.744	128	0	128	128	128	4433.943	2619.637	4433.943	2619.637	52.364	4424.687	2610.380	18.513	18.513	20.890	20.890	0	1	26.182	43871.169	128	NaN	NaN	100	128	1	4424.687	2610.380	135	18.513	1	1.000	1
100	685.487	123	0	123	123	123	7238.713	2619.637	7238.713	2619.637	78.545	7220.200	2610.380	37.027	18.513	41.780	20.890	0	1	41.397	84314.904	123	NaN	NaN	100	246	1	7220.200	2610.380	153.435	18.513	2	0.500	1
101	685.487	106	8.485	100	100	112	5424.407	2675.177	5424.931	2675.177	78.545	5405.893	2665.920	37.027	18.513	41.780	20.890	0	1	41.397	72661.624	112	0	-2	100	212	1	5405.893	2665.920	153.435	18.513	2	0.500	1
102	342.744	96	0	96	96	96	9636.190	2675.177	9636.190	2675.177	52.364	9626.933	2665.920	18.513	18.513	20.890	20.890	0	1	26.182	32903.377	96	NaN	NaN	100	96	1	9626.933	2665.920	135	18.513	1	1.000	1
103	1028.231	104	0	104	104	104	3088.641	2773.914	3088.641	2773.914	104.727	3073.213	2758.487	37.027	37.027	43.777	29.906	45.000	1	52.364	106935.975	104	NaN	NaN	100	312	1	3073.213	2795.513	45	37.027	1.464	0.683	0.857
104	685.487	105	0	105	105	105	3258.347	2804.770	3258.347	2804.770	78.545	3239.833	2795.513	37.027	18.513	41.780	20.890	0	1	41.397	71976.137	105	NaN	NaN	100	210	1	3239.833	2795.513	153.435	18.513	2	0.500	1
105	1028.231	101.333	1.155	102	100	102	10043.483	2841.797	10043.362	2841.797	115.572	10015.713	2832.540	55.540	18.513	62.670	20.890	0	0.967	58.544	104194.027	102	-0.707	-1.500	100	304	1	10015.713	2832.540	161.565	18.513	3	0.333	1
106	685.487	103	0	103	103	103	7997.760	2860.310	7997.760	2860.310	78.545	7979.247	2851.053	37.027	18.513	41.780	20.890	0	1	41.397	70605.163	103	NaN	NaN	100	206	1	7979.247	2851.053	153.435	18.513	2	0.500	1
107	685.487	114	0	114	114	114	8090.327	2860.310	8090.327	2860.310	78.545	8071.813	2851.053	37.027	18.513	41.780	20.890	0	1	41.397	78145.521	114	NaN	NaN	100	228	1	8071.813	2851.053	153.435	18.513	2	0.500	1
108	342.744	117	0	117	117	117	7710.803	2897.337	7710.803	2897.337	52.364	7701.547	2888.080	18.513	18.513	20.890	20.890	0	1	26.182	40100.991	117	NaN	NaN	100	117	1	7701.547	2888.080	135	18.513	1	1.000	1
109	342.744	119	0	119	119	119	9469.570	2897.337	9469.570	2897.337	52.364	9460.313	2888.080	18.513	18.513	20.890	20.890	0	1	26.182	40786.478	119	NaN	NaN	100	119	1	9460.313	2888.080	135	18.513	1	1.000	1
110	4455.666	119	13.540	103	96	136	2034.331	2935.787	2033.014	2936.529	283.508	1980.927	2906.593	111.080	55.540	98.104	57.828	11.368	0.697	124.191	530224.212	122	-0.416	-1.204	100	1547	1	1980.927	2962.133	26.565	55.540	1.696	0.589	0.812
111	1028.231	96.333	0.577	96	96	97	8599.443	2971.390	8599.507	2971.390	115.572	8571.673	2962.133	55.540	18.513	62.670	20.890	0	0.967	58.544	99052.875	96	0.707	-1.500	100	289	1	8571.673	2962.133	161.565	18.513	3	0.333	1
112	1713.718	106.200	3.834	109	102	109	5974.253	3015.822	5973.862	3015.773	141.754	5942.780	2999.160	55.540	37.027	58.211	37.484	161.565	1	66.751	181996.804	109	-0.408	-1.833	100	531	1	5942.780	2999.160	146.310	37.027	1.553	0.644	0.909
113	342.744	116	0	116	116	116	11191.310	3008.417	11191.310	3008.417	52.364	11182.053	2999.160	18.513	18.513	20.890	20.890	0	1	26.182	39758.247	116	NaN	NaN	100	116	1	11182.053	2999.160	135	18.513	1	1.000	1
114	685.487	100	0	100	100	100	6590.747	3026.930	6590.747	3026.930	78.545	6572.233	3017.673	37.027	18.513	41.780	20.890	0	1	41.397	68548.702	100	NaN	NaN	100	200	1	6572.233	3017.673	153.435	18.513	2	0.500	1
115	685.487	118.500	17.678	106	106	131	222.160	3063.957	221.184	3063.957	78.545	203.647	3054.700	37.027	18.513	41.780	20.890	0	1	41.397	81230.212	131	0	-2	100	237	1	203.647	3054.700	153.435	18.513	2	0.500	1
116	342.744	129	0	129	129	129	5359.610	3138.010	5359.610	3138.010	52.364	5350.353	3128.753	18.513	18.513	20.890	20.890	0	1	26.182	44213.913	129	NaN	NaN	100	129	1	5350.353	3128.753	135	18.513	1	1.000	1
117	685.487	96	0	96	96	96	10163.820	3138.010	10163.820	3138.010	78.545	10145.307	3128.753	37.027	18.513	41.780	20.890	0	1	41.397	65806.754	96	NaN	NaN	100	192	1	10145.307	3128.753	153.435	18.513	2	0.500	1
118	342.744	143	0	143	143	143	7303.510	3175.037	7303.510	3175.037	52.364	7294.253	3165.780	18.513	18.513	20.890	20.890	0	1	26.182	49012.322	143	NaN	NaN	100	143	1	7294.253	3165.780	135	18.513	1	1.000	1
119	342.744	96	0	96	96	96	1471.810	3212.063	1471.810	3212.063	52.364	1462.553	3202.807	18.513	18.513	20.890	20.890	0	1	26.182	32903.377	96	NaN	NaN	100	96	1	1462.553	3202.807	135	18.513	1	1.000	1
120	342.744	123	0	123	123	123	12876.023	3249.090	12876.023	3249.090	52.364	12866.767	3239.833	18.513	18.513	20.890	20.890	0	1	26.182	42157.452	123	NaN	NaN	100	123	1	12866.767	3239.833	135	18.513	1	1.000	1
121	342.744	98	0	98	98	98	7840.397	3323.143	7840.397	3323.143	52.364	7831.140	3313.887	18.513	18.513	20.890	20.890	0	1	26.182	33588.864	98	NaN	NaN	100	98	1	7831.140	3313.887	135	18.513	1	1.000	1
122	2741.948	109	6.503	110	96	120	8742.922	3374.055	8741.818	3373.843	220.299	8701.267	3350.913	92.567	55.540	78.988	44.199	169.722	0.710	99.697	298872.342	110	-0.480	0.945	100	872	1	8701.267	3350.913	158.199	55.540	1.787	0.560	0.696
123	342.744	96	0	96	96	96	4970.830	3397.197	4970.830	3397.197	52.364	4961.573	3387.940	18.513	18.513	20.890	20.890	0	1	26.182	32903.377	96	NaN	NaN	100	96	1	4961.573	3387.940	135	18.513	1	1.000	1
124	1713.718	114.600	2.510	112	112	117	2319.721	3423.115	2319.708	3423.109	130.909	2295.653	3406.453	55.540	37.027	58.211	37.484	18.435	1	66.751	196392.032	115	-0.132	-1.758	100	573	1	2295.653	3443.480	33.690	37.027	1.553	0.644	0.909
125	685.487	108	8.485	102	102	114	5304.070	3424.967	5304.070	3425.481	89.390	5294.813	3406.453	18.513	37.027	41.780	20.890	90	1	41.397	74032.598	114	0	-2	100	216	1	5294.813	3406.453	116.565	18.513	2	0.500	1
126	342.744	97	0	97	97	97	8525.390	3415.710	8525.390	3415.710	52.364	8516.133	3406.453	18.513	18.513	20.890	20.890	0	1	26.182	33246.121	97	NaN	NaN	100	97	1	8516.133	3406.453	135	18.513	1	1.000	1
127	342.744	96	0	96	96	96	10728.477	3415.710	10728.477	3415.710	52.364	10719.220	3406.453	18.513	18.513	20.890	20.890	0	1	26.182	32903.377	96	NaN	NaN	100	96	1	10719.220	3406.453	135	18.513	1	1.000	1
128	342.744	107	0	107	107	107	4582.050	3471.250	4582.050	3471.250	52.364	4572.793	3461.993	18.513	18.513	20.890	20.890	0	1	26.182	36673.556	107	NaN	NaN	100	107	1	4572.793	3461.993	135	18.513	1	1.000	1
129	342.744	102	0	102	102	102	11357.930	3471.250	11357.930	3471.250	52.364	11348.673	3461.993	18.513	18.513	20.890	20.890	0	1	26.182	34959.838	102	NaN	NaN	100	102	1	11348.673	3461.993	135	18.513	1	1.000	1
130	342.744	96	0	96	96	96	8858.630	3489.763	8858.630	3489.763	52.364	8849.373	3480.507	18.513	18.513	20.890	20.890	0	1	26.182	32903.377	96	NaN	NaN	100	96	1	8849.373	3480.507	135	18.513	1	1.000	1
131	342.744	123	0	123	123	123	2267.883	3526.790	2267.883	3526.790	52.364	2258.627	3517.533	18.513	18.513	20.890	20.890	0	1	26.182	42157.452	123	NaN	NaN	100	123	1	2258.627	3517.533	135	18.513	1	1.000	1
132	1370.974	103	0	103	103	103	2411.362	3540.675	2411.362	3540.675	141.754	2388.220	3517.533	55.540	37.027	59.086	29.543	161.565	0.857	66.751	141210.327	103	NaN	NaN	100	412	1	2388.220	3517.533	146.310	37.027	2.000	0.500	0.800
133	685.487	107	0	107	107	107	2573.353	3545.303	2573.353	3545.303	78.545	2554.840	3536.047	37.027	18.513	41.780	20.890	0	1	41.397	73347.111	107	NaN	NaN	100	214	1	2554.840	3536.047	153.435	18.513	2	0.500	1
134	342.744	140	0	140	140	140	6211.223	3545.303	6211.223	3545.303	52.364	6201.967	3536.047	18.513	18.513	20.890	20.890	0	1	26.182	47984.092	140	NaN	NaN	100	140	1	6201.967	3536.047	135	18.513	1	1.000	1
135	685.487	97	0	97	97	97	5905.753	3656.383	5905.753	3656.383	78.545	5887.240	3647.127	37.027	18.513	41.780	20.890	0	1	41.397	66492.241	97	NaN	NaN	100	194	1	5887.240	3647.127	153.435	18.513	2	0.500	1
136	342.744	112	0	112	112	112	6507.437	3693.410	6507.437	3693.410	52.364	6498.180	3684.153	18.513	18.513	20.890	20.890	0	1	26.182	38387.273	112	NaN	NaN	100	112	1	6498.180	3684.153	135	18.513	1	1.000	1
137	342.744	113	0	113	113	113	3934.083	3767.463	3934.083	3767.463	52.364	3924.827	3758.207	18.513	18.513	20.890	20.890	0	1	26.182	38730.017	113	NaN	NaN	100	113	1	3924.827	3758.207	135	18.513	1	1.000	1
138	685.487	103	0	103	103	103	7312.767	3767.463	7312.767	3767.463	78.545	7294.253	3758.207	37.027	18.513	41.780	20.890	0	1	41.397	70605.163	103	NaN	NaN	100	206	1	7294.253	3758.207	153.435	18.513	2	0.500	1
139	342.744	102	0	102	102	102	6988.783	3841.517	6988.783	3841.517	52.364	6979.527	3832.260	18.513	18.513	20.890	20.890	0	1	26.182	34959.838	102	NaN	NaN	100	102	1	6979.527	3832.260	135	18.513	1	1.000	1
140	342.744	98	0	98	98	98	3452.737	3878.543	3452.737	3878.543	52.364	3443.480	3869.287	18.513	18.513	20.890	20.890	0	1	26.182	33588.864	98	NaN	NaN	100	98	1	3443.480	3869.287	135	18.513	1	1.000	1
141	342.744	104	0	104	104	104	5544.743	3897.057	5544.743	3897.057	52.364	5535.487	3887.800	18.513	18.513	20.890	20.890	0	1	26.182	35645.325	104	NaN	NaN	100	104	1	5535.487	3887.800	135	18.513	1	1.000	1
142	342.744	99	0	99	99	99	9321.463	3915.570	9321.463	3915.570	52.364	9312.207	3906.313	18.513	18.513	20.890	20.890	0	1	26.182	33931.608	99	NaN	NaN	100	99	1	9312.207	3906.313	135	18.513	1	1.000	1
143	342.744	119	0	119	119	119	101.823	4063.677	101.823	4063.677	52.364	92.567	4054.420	18.513	18.513	20.890	20.890	0	1	26.182	40786.478	119	NaN	NaN	100	119	1	92.567	4054.420	135	18.513	1	1.000	1
144	342.744	102	0	102	102	102	7470.130	4063.677	7470.130	4063.677	52.364	7460.873	4054.420	18.513	18.513	20.890	20.890	0	1	26.182	34959.838	102	NaN	NaN	100	102	1	7460.873	4054.420	135	18.513	1	1.000	1
145	342.744	120	0	120	120	120	6359.330	4119.217	6359.330	4119.217	52.364	6350.073	4109.960	18.513	18.513	20.890	20.890	0	1	26.182	41129.221	120	NaN	NaN	100	120	1	6350.073	4109.960	135	18.513	1	1.000	1
146	342.744	150	0	150	150	150	6155.683	4156.243	6155.683	4156.243	52.364	6146.427	4146.987	18.513	18.513	20.890	20.890	0	1	26.182	51411.527	150	NaN	NaN	100	150	1	6146.427	4146.987	135	18.513	1	1.000	1
147	685.487	116	24.042	99	99	133	10274.900	4174.757	10276.257	4174.757	78.545	10256.387	4165.500	37.027	18.513	41.780	20.890	0	1	41.397	79516.495	133	0	-2	100	232	1	10256.387	4165.500	153.435	18.513	2	0.500	1
148	1028.231	108.667	9.815	103	103	120	379.523	4211.783	378.558	4211.783	115.572	351.753	4202.527	55.540	18.513	62.670	20.890	0	0.967	58.544	111734.385	103	0.707	-1.500	100	326	1	351.753	4202.527	161.565	18.513	3	0.333	1
149	342.744	103	0	103	103	103	12635.350	4230.297	12635.350	4230.297	52.364	12626.093	4221.040	18.513	18.513	20.890	20.890	0	1	26.182	35302.582	103	NaN	NaN	100	103	1	12626.093	4221.040	135	18.513	1	1.000	1
150	342.744	95	0	95	95	95	5896.497	4285.837	5896.497	4285.837	52.364	5887.240	4276.580	18.513	18.513	20.890	20.890	0	1	26.182	32560.634	95	NaN	NaN	100	95	1	5887.240	4276.580	135	18.513	1	1.000	1
151	685.487	98	0	98	98	98	8377.283	4295.093	8377.283	4295.093	89.390	8368.027	4276.580	18.513	37.027	41.780	20.890	90	1	41.397	67177.728	98	NaN	NaN	100	196	1	8368.027	4276.580	116.565	18.513	2	0.500	1
152	685.487	119	7.071	114	114	124	4165.500	4322.863	4165.111	4322.863	78.545	4146.987	4313.607	37.027	18.513	41.780	20.890	0	1	41.397	81572.956	124	0	-2	100	238	1	4146.987	4313.607	153.435	18.513	2	0.500	1
153	685.487	97	0	97	97	97	2073.493	4433.943	2073.493	4433.943	78.545	2054.980	4424.687	37.027	18.513	41.780	20.890	0	1	41.397	66492.241	97	NaN	NaN	100	194	1	2054.980	4424.687	153.435	18.513	2	0.500	1
154	1028.231	135	0	135	135	135	6637.030	4433.943	6637.030	4433.943	115.572	6609.260	4424.687	55.540	18.513	62.670	20.890	0	0.967	58.544	138811.122	135	NaN	NaN	100	405	1	6609.260	4424.687	161.565	18.513	3	0.333	1
155	3084.692	116.556	21.766	101	97	145	7805.427	4475.084	7807.553	4476.794	194.118	7775.600	4443.200	74.053	55.540	77.750	50.515	150.482	1	92.567	359537.943	101	0.597	-1.531	100	1049	1	7775.600	4443.200	143.130	55.540	1.539	0.650	0.900
156	342.744	95	0	95	95	95	8266.203	4470.970	8266.203	4470.970	52.364	8256.947	4461.713	18.513	18.513	20.890	20.890	0	1	26.182	32560.634	95	NaN	NaN	100	95	1	8256.947	4461.713	135	18.513	1	1.000	1
157	342.744	95	0	95	95	95	6840.677	4489.483	6840.677	4489.483	52.364	6831.420	4480.227	18.513	18.513	20.890	20.890	0	1	26.182	32560.634	95	NaN	NaN	100	95	1	6831.420	4480.227	135	18.513	1	1.000	1
158	342.744	110	0	110	110	110	3508.277	4545.023	3508.277	4545.023	52.364	3499.020	4535.767	18.513	18.513	20.890	20.890	0	1	26.182	37701.786	110	NaN	NaN	100	110	1	3499.020	4535.767	135	18.513	1	1.000	1
159	342.744	165	0	165	165	165	7470.130	4563.537	7470.130	4563.537	52.364	7460.873	4554.280	18.513	18.513	20.890	20.890	0	1	26.182	56552.679	165	NaN	NaN	100	165	1	7460.873	4554.280	135	18.513	1	1.000	1
160	685.487	104.500	13.435	95	95	114	6109.400	4582.050	6108.558	4582.050	78.545	6090.887	4572.793	37.027	18.513	41.780	20.890	0	1	41.397	71633.394	114	0	-2	100	209	1	6090.887	4572.793	153.435	18.513	2	0.500	1
161	1028.231	120	0	120	120	120	2564.097	4656.103	2564.097	4656.103	115.572	2536.327	4646.847	55.540	18.513	62.670	20.890	0	0.967	58.544	123387.664	120	NaN	NaN	100	360	1	2536.327	4646.847	161.565	18.513	3	0.333	1
162	342.744	131	0	131	131	131	6933.243	4674.617	6933.243	4674.617	52.364	6923.987	4665.360	18.513	18.513	20.890	20.890	0	1	26.182	44899.400	131	NaN	NaN	100	131	1	6923.987	4665.360	135	18.513	1	1.000	1
163	685.487	109	0	109	109	109	6164.940	4785.697	6164.940	4785.697	78.545	6146.427	4776.440	37.027	18.513	41.780	20.890	0	1	41.397	74718.085	109	NaN	NaN	100	218	1	6146.427	4776.440	153.435	18.513	2	0.500	1
164	342.744	96	0	96	96	96	10413.750	4804.210	10413.750	4804.210	52.364	10404.493	4794.953	18.513	18.513	20.890	20.890	0	1	26.182	32903.377	96	NaN	NaN	100	96	1	10404.493	4794.953	135	18.513	1	1.000	1
165	685.487	97	0	97	97	97	9127.073	4878.263	9127.073	4878.263	78.545	9108.560	4869.007	37.027	18.513	41.780	20.890	0	1	41.397	66492.241	97	NaN	NaN	100	194	1	9108.560	4869.007	153.435	18.513	2	0.500	1
166	342.744	137	0	137	137	137	2619.637	4915.290	2619.637	4915.290	52.364	2610.380	4906.033	18.513	18.513	20.890	20.890	0	1	26.182	46955.861	137	NaN	NaN	100	137	1	2610.380	4906.033	135	18.513	1	1.000	1
167	1713.718	106.800	21.913	97	97	146	6574.085	4926.398	6576.463	4925.379	167.936	6553.720	4906.033	55.540	55.540	61.382	35.548	45.000	0.764	78.545	183025.035	97	1.500	0.250	100	534	1	6553.720	4961.573	45	52.364	1.727	0.579	0.714
168	342.744	110	0	110	110	110	620.197	4952.317	620.197	4952.317	52.364	610.940	4943.060	18.513	18.513	20.890	20.890	0	1	26.182	37701.786	110	NaN	NaN	100	110	1	610.940	4943.060	135	18.513	1	1.000	1
169	342.744	122	0	122	122	122	5174.477	4970.830	5174.477	4970.830	52.364	5165.220	4961.573	18.513	18.513	20.890	20.890	0	1	26.182	41814.708	122	NaN	NaN	100	122	1	5165.220	4961.573	135	18.513	1	1.000	1
170	342.744	95	0	95	95	95	6433.383	4989.343	6433.383	4989.343	52.364	6424.127	4980.087	18.513	18.513	20.890	20.890	0	1	26.182	32560.634	95	NaN	NaN	100	95	1	6424.127	4980.087	135	18.513	1	1.000	1
171	342.744	135	0	135	135	135	1860.590	5137.450	1860.590	5137.450	52.364	1851.333	5128.193	18.513	18.513	20.890	20.890	0	1	26.182	46270.374	135	NaN	NaN	100	135	1	1851.333	5128.193	135	18.513	1	1.000	1
172	342.744	127	0	127	127	127	6026.090	5192.990	6026.090	5192.990	52.364	6016.833	5183.733	18.513	18.513	20.890	20.890	0	1	26.182	43528.426	127	NaN	NaN	100	127	1	6016.833	5183.733	135	18.513	1	1.000	1
173	342.744	99	0	99	99	99	6063.117	5192.990	6063.117	5192.990	52.364	6053.860	5183.733	18.513	18.513	20.890	20.890	0	1	26.182	33931.608	99	NaN	NaN	100	99	1	6053.860	5183.733	135	18.513	1	1.000	1
174	342.744	102	0	102	102	102	7821.883	5230.017	7821.883	5230.017	52.364	7812.627	5220.760	18.513	18.513	20.890	20.890	0	1	26.182	34959.838	102	NaN	NaN	100	102	1	7812.627	5220.760	135	18.513	1	1.000	1
175	1028.231	99	0	99	99	99	4489.483	5248.530	4489.483	5248.530	115.572	4461.713	5239.273	55.540	18.513	62.670	20.890	0	0.967	58.544	101794.823	99	NaN	NaN	100	297	1	4461.713	5239.273	161.565	18.513	3	0.333	1
176	342.744	109	0	109	109	109	2989.903	5285.557	2989.903	5285.557	52.364	2980.647	5276.300	18.513	18.513	20.890	20.890	0	1	26.182	37359.043	109	NaN	NaN	100	109	1	2980.647	5276.300	135	18.513	1	1.000	1
177	685.487	97	0	97	97	97	7442.360	5285.557	7442.360	5285.557	78.545	7423.847	5276.300	37.027	18.513	41.780	20.890	0	1	41.397	66492.241	97	NaN	NaN	100	194	1	7423.847	5276.300	153.435	18.513	2	0.500	1
178	342.744	114	0	114	114	114	5692.850	5304.070	5692.850	5304.070	52.364	5683.593	5294.813	18.513	18.513	20.890	20.890	0	1	26.182	39072.760	114	NaN	NaN	100	114	1	5683.593	5294.813	135	18.513	1	1.000	1
179	342.744	96	0	96	96	96	8173.637	5304.070	8173.637	5304.070	52.364	8164.380	5294.813	18.513	18.513	20.890	20.890	0	1	26.182	32903.377	96	NaN	NaN	100	96	1	8164.380	5294.813	135	18.513	1	1.000	1
180	342.744	96	0	96	96	96	731.277	5322.583	731.277	5322.583	52.364	722.020	5313.327	18.513	18.513	20.890	20.890	0	1	26.182	32903.377	96	NaN	NaN	100	96	1	722.020	5313.327	135	18.513	1	1.000	1
181	685.487	109	19.799	95	95	123	5368.867	5341.097	5370.056	5341.097	78.545	5350.353	5331.840	37.027	18.513	41.780	20.890	0	1	41.397	74718.085	123	0	-2	100	218	1	5350.353	5331.840	153.435	18.513	2	0.500	1
182	342.744	105	0	105	105	105	11820.763	5415.150	11820.763	5415.150	52.364	11811.507	5405.893	18.513	18.513	20.890	20.890	0	1	26.182	35988.069	105	NaN	NaN	100	105	1	11811.507	5405.893	135	18.513	1	1.000	1
183	342.744	127	0	127	127	127	4304.350	5489.203	4304.350	5489.203	52.364	4295.093	5479.947	18.513	18.513	20.890	20.890	0	1	26.182	43528.426	127	NaN	NaN	100	127	1	4295.093	5479.947	135	18.513	1	1.000	1
184	1028.231	105.333	8.083	110	96	110	7692.290	5489.203	7691.470	5489.203	115.572	7664.520	5479.947	55.540	18.513	62.670	20.890	0	0.967	58.544	108306.950	110	-0.707	-1.500	100	316	1	7664.520	5479.947	161.565	18.513	3	0.333	1
185	342.744	95	0	95	95	95	2490.043	5507.717	2490.043	5507.717	52.364	2480.787	5498.460	18.513	18.513	20.890	20.890	0	1	26.182	32560.634	95	NaN	NaN	100	95	1	2480.787	5498.460	135	18.513	1	1.000	1
186	342.744	96	0	96	96	96	7710.803	5526.230	7710.803	5526.230	52.364	7701.547	5516.973	18.513	18.513	20.890	20.890	0	1	26.182	32903.377	96	NaN	NaN	100	96	1	7701.547	5516.973	135	18.513	1	1.000	1
187	342.744	96	0	96	96	96	4322.863	5637.310	4322.863	5637.310	52.364	4313.607	5628.053	18.513	18.513	20.890	20.890	0	1	26.182	32903.377	96	NaN	NaN	100	96	1	4313.607	5628.053	135	18.513	1	1.000	1
188	342.744	129	0	129	129	129	4489.483	5692.850	4489.483	5692.850	52.364	4480.227	5683.593	18.513	18.513	20.890	20.890	0	1	26.182	44213.913	129	NaN	NaN	100	129	1	4480.227	5683.593	135	18.513	1	1.000	1
189	342.744	102	0	102	102	102	1008.977	5748.390	1008.977	5748.390	52.364	999.720	5739.133	18.513	18.513	20.890	20.890	0	1	26.182	34959.838	102	NaN	NaN	100	102	1	999.720	5739.133	135	18.513	1	1.000	1
190	342.744	98	0	98	98	98	8784.577	5748.390	8784.577	5748.390	52.364	8775.320	5739.133	18.513	18.513	20.890	20.890	0	1	26.182	33588.864	98	NaN	NaN	100	98	1	8775.320	5739.133	135	18.513	1	1.000	1
191	342.744	135	0	135	135	135	5674.337	5766.903	5674.337	5766.903	52.364	5665.080	5757.647	18.513	18.513	20.890	20.890	0	1	26.182	46270.374	135	NaN	NaN	100	135	1	5665.080	5757.647	135	18.513	1	1.000	1
192	1028.231	125.333	24.542	97	97	140	1916.130	5877.983	1914.013	5877.983	115.572	1888.360	5868.727	55.540	18.513	62.670	20.890	0	0.967	58.544	128871.560	139	-0.706	-1.500	100	376	1	1888.360	5868.727	161.565	18.513	3	0.333	1
193	685.487	117	0	117	117	117	7979.247	5896.497	7979.247	5896.497	78.545	7960.733	5887.240	37.027	18.513	41.780	20.890	0	1	41.397	80201.982	117	NaN	NaN	100	234	1	7960.733	5887.240	153.435	18.513	2	0.500	1
194	342.744	108	0	108	108	108	6822.163	5915.010	6822.163	5915.010	52.364	6812.907	5905.753	18.513	18.513	20.890	20.890	0	1	26.182	37016.299	108	NaN	NaN	100	108	1	6812.907	5905.753	135	18.513	1	1.000	1
195	685.487	98	0	98	98	98	6368.587	6026.090	6368.587	6026.090	78.545	6350.073	6016.833	37.027	18.513	41.780	20.890	0	1	41.397	67177.728	98	NaN	NaN	100	196	1	6350.073	6016.833	153.435	18.513	2	0.500	1
196	342.744	100	0	100	100	100	1508.837	6100.143	1508.837	6100.143	52.364	1499.580	6090.887	18.513	18.513	20.890	20.890	0	1	26.182	34274.351	100	NaN	NaN	100	100	1	1499.580	6090.887	135	18.513	1	1.000	1
197	342.744	109	0	109	109	109	2397.477	6100.143	2397.477	6100.143	52.364	2388.220	6090.887	18.513	18.513	20.890	20.890	0	1	26.182	37359.043	109	NaN	NaN	100	109	1	2388.220	6090.887	135	18.513	1	1.000	1
198	342.744	107	0	107	107	107	11839.277	6137.170	11839.277	6137.170	52.364	11830.020	6127.913	18.513	18.513	20.890	20.890	0	1	26.182	36673.556	107	NaN	NaN	100	107	1	11830.020	6127.913	135	18.513	1	1.000	1
199	342.744	109	0	109	109	109	5341.097	6211.223	5341.097	6211.223	52.364	5331.840	6201.967	18.513	18.513	20.890	20.890	0	1	26.182	37359.043	109	NaN	NaN	100	109	1	5331.840	6201.967	135	18.513	1	1.000	1
200	342.744	98	0	98	98	98	7433.103	6340.817	7433.103	6340.817	52.364	7423.847	6331.560	18.513	18.513	20.890	20.890	0	1	26.182	33588.864	98	NaN	NaN	100	98	1	7423.847	6331.560	135	18.513	1	1.000	1
201	342.744	96	0	96	96	96	7525.670	6396.357	7525.670	6396.357	52.364	7516.413	6387.100	18.513	18.513	20.890	20.890	0	1	26.182	32903.377	96	NaN	NaN	100	96	1	7516.413	6387.100	135	18.513	1	1.000	1
202	342.744	99	0	99	99	99	8321.743	6414.870	8321.743	6414.870	52.364	8312.487	6405.613	18.513	18.513	20.890	20.890	0	1	26.182	33931.608	99	NaN	NaN	100	99	1	8312.487	6405.613	135	18.513	1	1.000	1
203	685.487	110.500	2.121	109	109	112	2814.027	6433.383	2814.152	6433.383	78.545	2795.513	6424.127	37.027	18.513	41.780	20.890	0	1	41.397	75746.316	112	0	-2	100	221	1	2795.513	6424.127	153.435	18.513	2	0.500	1
204	342.744	105	0	105	105	105	1638.430	6451.897	1638.430	6451.897	52.364	1629.173	6442.640	18.513	18.513	20.890	20.890	0	1	26.182	35988.069	105	NaN	NaN	100	105	1	1629.173	6442.640	135	18.513	1	1.000	1
205	342.744	101	0	101	101	101	3952.597	6488.923	3952.597	6488.923	52.364	3943.340	6479.667	18.513	18.513	20.890	20.890	0	1	26.182	34617.095	101	NaN	NaN	100	101	1	3943.340	6479.667	135	18.513	1	1.000	1
206	15766.202	111.565	11.426	104	95	134	3356.145	6678.484	3357.638	6678.761	878.566	3221.320	6627.773	259.187	111.080	242.667	82.723	9.729	0.257	281.987	1758959.699	114	0.092	-1.164	100	5132	1	3221.320	6738.853	23.199	105.740	2.933	0.341	0.630
207	342.744	100	0	100	100	100	8358.770	6674.057	8358.770	6674.057	52.364	8349.513	6664.800	18.513	18.513	20.890	20.890	0	1	26.182	34274.351	100	NaN	NaN	100	100	1	8349.513	6664.800	135	18.513	1	1.000	1
208	342.744	106	0	106	106	106	2008.697	6692.570	2008.697	6692.570	52.364	1999.440	6683.313	18.513	18.513	20.890	20.890	0	1	26.182	36330.812	106	NaN	NaN	100	106	1	1999.440	6683.313	135	18.513	1	1.000	1
209	342.744	105	0	105	105	105	5433.663	6711.083	5433.663	6711.083	52.364	5424.407	6701.827	18.513	18.513	20.890	20.890	0	1	26.182	35988.069	105	NaN	NaN	100	105	1	5424.407	6701.827	135	18.513	1	1.000	1
210	9939.562	113.345	10.234	99	98	126	3743.204	6760.239	3741.639	6759.527	420.770	3665.640	6720.340	148.107	92.567	148.030	85.492	13.397	0.705	159.258	1126597.921	114	-0.241	-1.466	100	3287	1	3684.153	6812.907	35.538	92.567	1.731	0.578	0.841
211	342.744	96	0	96	96	96	583.170	6766.623	583.170	6766.623	52.364	573.913	6757.367	18.513	18.513	20.890	20.890	0	1	26.182	32903.377	96	NaN	NaN	100	96	1	573.913	6757.367	135	18.513	1	1.000	1
212	342.744	101	0	101	101	101	3971.110	6785.137	3971.110	6785.137	52.364	3961.853	6775.880	18.513	18.513	20.890	20.890	0	1	26.182	34617.095	101	NaN	NaN	100	101	1	3961.853	6775.880	135	18.513	1	1.000	1
213	342.744	101	0	101	101	101	13653.583	6914.730	13653.583	6914.730	52.364	13644.327	6905.473	18.513	18.513	20.890	20.890	0	1	26.182	34617.095	101	NaN	NaN	100	101	1	13644.327	6905.473	135	18.513	1	1.000	1
214	342.744	136	0	136	136	136	5822.443	6970.270	5822.443	6970.270	52.364	5813.187	6961.013	18.513	18.513	20.890	20.890	0	1	26.182	46613.118	136	NaN	NaN	100	136	1	5813.187	6961.013	135	18.513	1	1.000	1
215	342.744	107	0	107	107	107	4156.243	6988.783	4156.243	6988.783	52.364	4146.987	6979.527	18.513	18.513	20.890	20.890	0	1	26.182	36673.556	107	NaN	NaN	100	107	1	4146.987	6979.527	135	18.513	1	1.000	1
216	342.744	107	0	107	107	107	4193.270	6988.783	4193.270	6988.783	52.364	4184.013	6979.527	18.513	18.513	20.890	20.890	0	1	26.182	36673.556	107	NaN	NaN	100	107	1	4184.013	6979.527	135	18.513	1	1.000	1
217	342.744	113	0	113	113	113	3841.517	7044.323	3841.517	7044.323	52.364	3832.260	7035.067	18.513	18.513	20.890	20.890	0	1	26.182	38730.017	113	NaN	NaN	100	113	1	3832.260	7035.067	135	18.513	1	1.000	1
218	342.744	116	0	116	116	116	2527.070	7062.837	2527.070	7062.837	52.364	2517.813	7053.580	18.513	18.513	20.890	20.890	0	1	26.182	39758.247	116	NaN	NaN	100	116	1	2517.813	7053.580	135	18.513	1	1.000	1
219	342.744	108	0	108	108	108	6803.650	7118.377	6803.650	7118.377	52.364	6794.393	7109.120	18.513	18.513	20.890	20.890	0	1	26.182	37016.299	108	NaN	NaN	100	108	1	6794.393	7109.120	135	18.513	1	1.000	1
220	342.744	101	0	101	101	101	9154.843	7118.377	9154.843	7118.377	52.364	9145.587	7109.120	18.513	18.513	20.890	20.890	0	1	26.182	34617.095	101	NaN	NaN	100	101	1	9145.587	7109.120	135	18.513	1	1.000	1
221	4455.666	119.154	13.680	108	108	147	2656.663	7189.582	2654.643	7190.805	309.690	2610.380	7146.147	92.567	74.053	94.793	59.847	29.657	0.584	118.543	530909.699	119	1.227	0.297	100	1549	1	2610.380	7220.200	38.660	74.053	1.584	0.631	0.765
222	342.744	109	0	109	109	109	10006.457	7192.430	10006.457	7192.430	52.364	9997.200	7183.173	18.513	18.513	20.890	20.890	0	1	26.182	37359.043	109	NaN	NaN	100	109	1	9997.200	7183.173	135	18.513	1	1.000	1
223	1370.974	107.500	17	99	99	133	4762.555	7215.572	4764.385	7215.206	130.909	4739.413	7201.687	55.540	37.027	59.086	29.543	18.435	1	66.751	147379.710	99	1.155	-0.667	100	430	1	4739.413	7238.713	33.690	37.027	2.000	0.500	0.800
224	342.744	99	0	99	99	99	1120.057	7247.970	1120.057	7247.970	52.364	1110.800	7238.713	18.513	18.513	20.890	20.890	0	1	26.182	33931.608	99	NaN	NaN	100	99	1	1110.800	7238.713	135	18.513	1	1.000	1
225	685.487	103	0	103	103	103	4683.873	7247.970	4683.873	7247.970	78.545	4665.360	7238.713	37.027	18.513	41.780	20.890	0	1	41.397	70605.163	103	NaN	NaN	100	206	1	4665.360	7238.713	153.435	18.513	2	0.500	1
226	342.744	96	0	96	96	96	2286.397	7266.483	2286.397	7266.483	52.364	2277.140	7257.227	18.513	18.513	20.890	20.890	0	1	26.182	32903.377	96	NaN	NaN	100	96	1	2277.140	7257.227	135	18.513	1	1.000	1
227	1028.231	106.333	17.898	96	96	127	5322.583	7284.997	5322.583	7284.997	115.572	5294.813	7275.740	55.540	18.513	62.670	20.890	0	0.967	58.544	109335.180	96	0.707	-1.500	100	319	1	5294.813	7275.740	161.565	18.513	3	0.333	1
228	342.744	117	0	117	117	117	6266.763	7284.997	6266.763	7284.997	52.364	6257.507	7275.740	18.513	18.513	20.890	20.890	0	1	26.182	40100.991	117	NaN	NaN	100	117	1	6257.507	7275.740	135	18.513	1	1.000	1
229	685.487	106	0	106	106	106	5979.807	7377.563	5979.807	7377.563	78.545	5961.293	7368.307	37.027	18.513	41.780	20.890	0	1	41.397	72661.624	106	NaN	NaN	100	212	1	5961.293	7368.307	153.435	18.513	2	0.500	1
230	342.744	139	0	139	139	139	7507.157	7396.077	7507.157	7396.077	52.364	7497.900	7386.820	18.513	18.513	20.890	20.890	0	1	26.182	47641.348	139	NaN	NaN	100	139	1	7497.900	7386.820	135	18.513	1	1.000	1
231	2056.461	113.333	13.231	124	97	124	8349.513	7488.643	8348.642	7489.923	215.807	8312.487	7442.360	55.540	74.053	72.365	36.183	63.435	0.555	92.567	233065.588	124	-0.480	-1.581	100	680	1	8312.487	7516.413	53.130	55.540	2.000	0.500	0.667
232	342.744	137	0	137	137	137	9358.490	7470.130	9358.490	7470.130	52.364	9349.233	7460.873	18.513	18.513	20.890	20.890	0	1	26.182	46955.861	137	NaN	NaN	100	137	1	9349.233	7460.873	135	18.513	1	1.000	1
233	342.744	105	0	105	105	105	6155.683	7488.643	6155.683	7488.643	52.364	6146.427	7479.387	18.513	18.513	20.890	20.890	0	1	26.182	35988.069	105	NaN	NaN	100	105	1	6146.427	7479.387	135	18.513	1	1.000	1
234	342.744	109	0	109	109	109	8395.797	7488.643	8395.797	7488.643	52.364	8386.540	7479.387	18.513	18.513	20.890	20.890	0	1	26.182	37359.043	109	NaN	NaN	100	109	1	8386.540	7479.387	135	18.513	1	1.000	1
235	342.744	122	0	122	122	122	1471.810	7525.670	1471.810	7525.670	52.364	1462.553	7516.413	18.513	18.513	20.890	20.890	0	1	26.182	41814.708	122	NaN	NaN	100	122	1	1462.553	7516.413	135	18.513	1	1.000	1
236	342.744	105	0	105	105	105	6155.683	7525.670	6155.683	7525.670	52.364	6146.427	7516.413	18.513	18.513	20.890	20.890	0	1	26.182	35988.069	105	NaN	NaN	100	105	1	6146.427	7516.413	135	18.513	1	1.000	1
237	1028.231	116.667	10.970	123	104	123	3804.490	7562.697	3803.485	7562.697	115.572	3776.720	7553.440	55.540	18.513	62.670	20.890	0	0.967	58.544	119960.229	123	-0.707	-1.500	100	350	1	3776.720	7553.440	161.565	18.513	3	0.333	1
238	1713.718	125.200	18.075	112	112	145	2760.338	7655.263	2760.143	7653.311	167.936	2739.973	7627.493	37.027	55.540	60.054	36.333	90.000	0.764	66.751	214557.438	112	0.408	-1.833	100	626	1	2739.973	7627.493	123.690	37.027	1.653	0.605	0.833
239	342.744	136	0	136	136	136	4600.563	7673.777	4600.563	7673.777	52.364	4591.307	7664.520	18.513	18.513	20.890	20.890	0	1	26.182	46613.118	136	NaN	NaN	100	136	1	4591.307	7664.520	135	18.513	1	1.000	1
240	342.744	130	0	130	130	130	6507.437	7710.803	6507.437	7710.803	52.364	6498.180	7701.547	18.513	18.513	20.890	20.890	0	1	26.182	44556.656	130	NaN	NaN	100	130	1	6498.180	7701.547	135	18.513	1	1.000	1
241	342.744	142	0	142	142	142	4082.190	7729.317	4082.190	7729.317	52.364	4072.933	7720.060	18.513	18.513	20.890	20.890	0	1	26.182	48669.579	142	NaN	NaN	100	142	1	4072.933	7720.060	135	18.513	1	1.000	1
242	1028.231	96.333	2.309	95	95	99	8025.530	7784.857	8025.274	7784.857	115.572	7997.760	7775.600	55.540	18.513	62.670	20.890	0	0.967	58.544	99052.875	95	0.707	-1.500	100	289	1	7997.760	7775.600	161.565	18.513	3	0.333	1
243	685.487	108	0	108	108	108	3554.560	7821.883	3554.560	7821.883	78.545	3536.047	7812.627	37.027	18.513	41.780	20.890	0	1	41.397	74032.598	108	NaN	NaN	100	216	1	3536.047	7812.627	153.435	18.513	2	0.500	1
244	342.744	99	0	99	99	99	3249.090	7895.937	3249.090	7895.937	52.364	3239.833	7886.680	18.513	18.513	20.890	20.890	0	1	26.182	33931.608	99	NaN	NaN	100	99	1	3239.833	7886.680	135	18.513	1	1.000	1
245	342.744	121	0	121	121	121	1064.517	8025.530	1064.517	8025.530	52.364	1055.260	8016.273	18.513	18.513	20.890	20.890	0	1	26.182	41471.965	121	NaN	NaN	100	121	1	1055.260	8016.273	135	18.513	1	1.000	1
246	342.744	110	0	110	110	110	2860.310	8025.530	2860.310	8025.530	52.364	2851.053	8016.273	18.513	18.513	20.890	20.890	0	1	26.182	37701.786	110	NaN	NaN	100	110	1	2851.053	8016.273	135	18.513	1	1.000	1
247	342.744	99	0	99	99	99	13024.130	8118.097	13024.130	8118.097	52.364	13014.873	8108.840	18.513	18.513	20.890	20.890	0	1	26.182	33931.608	99	NaN	NaN	100	99	1	13014.873	8108.840	135	18.513	1	1.000	1
248	342.744	112	0	112	112	112	490.603	8229.177	490.603	8229.177	52.364	481.347	8219.920	18.513	18.513	20.890	20.890	0	1	26.182	38387.273	112	NaN	NaN	100	112	1	481.347	8219.920	135	18.513	1	1.000	1
249	342.744	101	0	101	101	101	7895.937	8266.203	7895.937	8266.203	52.364	7886.680	8256.947	18.513	18.513	20.890	20.890	0	1	26.182	34617.095	101	NaN	NaN	100	101	1	7886.680	8256.947	135	18.513	1	1.000	1
250	342.744	109	0	109	109	109	6859.190	8451.337	6859.190	8451.337	52.364	6849.933	8442.080	18.513	18.513	20.890	20.890	0	1	26.182	37359.043	109	NaN	NaN	100	109	1	6849.933	8442.080	135	18.513	1	1.000	1
251	342.744	114	0	114	114	114	1897.617	8488.363	1897.617	8488.363	52.364	1888.360	8479.107	18.513	18.513	20.890	20.890	0	1	26.182	39072.760	114	NaN	NaN	100	114	1	1888.360	8479.107	135	18.513	1	1.000	1
252	685.487	117	1.414	116	116	118	3591.587	8580.930	3591.508	8580.930	78.545	3573.073	8571.673	37.027	18.513	41.780	20.890	0	1	41.397	80201.982	118	0	-2	100	234	1	3573.073	8571.673	153.435	18.513	2	0.500	1
253	685.487	101.500	2.121	100	100	103	3906.313	8599.443	3906.450	8599.443	78.545	3887.800	8590.187	37.027	18.513	41.780	20.890	0	1	41.397	69576.933	103	0	-2	100	203	1	3887.800	8590.187	153.435	18.513	2	0.500	1
254	342.744	118	0	118	118	118	4230.297	8636.470	4230.297	8636.470	52.364	4221.040	8627.213	18.513	18.513	20.890	20.890	0	1	26.182	40443.734	118	NaN	NaN	100	118	1	4221.040	8627.213	135	18.513	1	1.000	1
255	342.744	105	0	105	105	105	2934.363	8654.983	2934.363	8654.983	52.364	2925.107	8645.727	18.513	18.513	20.890	20.890	0	1	26.182	35988.069	105	NaN	NaN	100	105	1	2925.107	8645.727	135	18.513	1	1.000	1
256	1028.231	101	0	101	101	101	3452.737	8673.497	3452.737	8673.497	115.572	3424.967	8664.240	55.540	18.513	62.670	20.890	0	0.967	58.544	103851.284	101	NaN	NaN	100	303	1	3424.967	8664.240	161.565	18.513	3	0.333	1
257	1370.974	117.500	9	118	106	128	3443.480	8710.523	3443.992	8710.523	152.599	3406.453	8701.267	74.053	18.513	83.560	20.890	0	0.740	76.332	161089.450	118	-0.192	-0.992	100	470	1	3406.453	8701.267	165.964	18.513	4	0.250	1
258	685.487	118.500	31.820	96	96	141	4128.473	8766.063	4126.716	8766.063	78.545	4109.960	8756.807	37.027	18.513	41.780	20.890	0	1	41.397	81230.212	141	0	-2	100	237	1	4109.960	8756.807	153.435	18.513	2	0.500	1
259	342.744	102	0	102	102	102	1897.617	9043.763	1897.617	9043.763	52.364	1888.360	9034.507	18.513	18.513	20.890	20.890	0	1	26.182	34959.838	102	NaN	NaN	100	102	1	1888.360	9034.507	135	18.513	1	1.000	1
260	342.744	112	0	112	112	112	1934.643	9043.763	1934.643	9043.763	52.364	1925.387	9034.507	18.513	18.513	20.890	20.890	0	1	26.182	38387.273	112	NaN	NaN	100	112	1	1925.387	9034.507	135	18.513	1	1.000	1
261	342.744	105	0	105	105	105	11561.577	9043.763	11561.577	9043.763	52.364	11552.320	9034.507	18.513	18.513	20.890	20.890	0	1	26.182	35988.069	105	NaN	NaN	100	105	1	11552.320	9034.507	135	18.513	1	1.000	1
262	1370.974	118.500	9.950	126	105	126	1022.862	9085.418	1022.569	9086.531	141.754	999.720	9053.020	37.027	55.540	59.086	29.543	71.565	0.857	66.751	162460.424	126	-0.633	-1.207	100	474	1	999.720	9108.560	56.310	37.027	2.000	0.500	0.800
263	342.744	104	0	104	104	104	379.523	9080.790	379.523	9080.790	52.364	370.267	9071.533	18.513	18.513	20.890	20.890	0	1	26.182	35645.325	104	NaN	NaN	100	104	1	370.267	9071.533	135	18.513	1	1.000	1
264	1028.231	102.333	9.238	97	97	113	83.310	9117.817	83.310	9117.817	115.572	55.540	9108.560	55.540	18.513	62.670	20.890	0	0.967	58.544	105222.258	97	0.707	-1.500	100	307	1	55.540	9108.560	161.565	18.513	3	0.333	1
265	342.744	100	0	100	100	100	6192.710	9173.357	6192.710	9173.357	52.364	6183.453	9164.100	18.513	18.513	20.890	20.890	0	1	26.182	34274.351	100	NaN	NaN	100	100	1	6183.453	9164.100	135	18.513	1	1.000	1
266	342.744	100	0	100	100	100	2582.610	9228.897	2582.610	9228.897	52.364	2573.353	9219.640	18.513	18.513	20.890	20.890	0	1	26.182	34274.351	100	NaN	NaN	100	100	1	2573.353	9219.640	135	18.513	1	1.000	1
267	342.744	101	0	101	101	101	1693.970	9321.463	1693.970	9321.463	52.364	1684.713	9312.207	18.513	18.513	20.890	20.890	0	1	26.182	34617.095	101	NaN	NaN	100	101	1	1684.713	9312.207	135	18.513	1	1.000	1
268	342.744	131	0	131	131	131	7081.350	9339.977	7081.350	9339.977	52.364	7072.093	9330.720	18.513	18.513	20.890	20.890	0	1	26.182	44899.400	131	NaN	NaN	100	131	1	7072.093	9330.720	135	18.513	1	1.000	1
269	685.487	123	0	123	123	123	925.667	9377.003	925.667	9377.003	78.545	907.153	9367.747	37.027	18.513	41.780	20.890	0	1	41.397	84314.904	123	NaN	NaN	100	246	1	907.153	9367.747	153.435	18.513	2	0.500	1
270	1028.231	108.333	1.155	109	107	109	10642.081	9475.741	10642.005	9475.779	104.727	10626.653	9460.313	37.027	37.027	43.777	29.906	45.000	1	52.364	111391.641	109	-0.707	-1.500	100	325	1	10626.653	9497.340	45	37.027	1.464	0.683	0.857
271	342.744	108	0	108	108	108	5674.337	9488.083	5674.337	9488.083	52.364	5665.080	9478.827	18.513	18.513	20.890	20.890	0	1	26.182	37016.299	108	NaN	NaN	100	108	1	5665.080	9478.827	135	18.513	1	1.000	1
272	1028.231	130.667	10.504	120	120	141	5840.957	9636.190	5841.476	9636.190	115.572	5813.187	9626.933	55.540	18.513	62.670	20.890	0	0.967	58.544	134355.456	131	-0.058	-1.500	100	392	1	5813.187	9626.933	161.565	18.513	3	0.333	1
273	342.744	107	0	107	107	107	5359.610	9673.217	5359.610	9673.217	52.364	5350.353	9663.960	18.513	18.513	20.890	20.890	0	1	26.182	36673.556	107	NaN	NaN	100	107	1	5350.353	9663.960	135	18.513	1	1.000	1
274	342.744	111	0	111	111	111	8729.037	9710.243	8729.037	9710.243	52.364	8719.780	9700.987	18.513	18.513	20.890	20.890	0	1	26.182	38044.530	111	NaN	NaN	100	111	1	8719.780	9700.987	135	18.513	1	1.000	1
275	342.744	115	0	115	115	115	5192.990	9747.270	5192.990	9747.270	52.364	5183.733	9738.013	18.513	18.513	20.890	20.890	0	1	26.182	39415.504	115	NaN	NaN	100	115	1	5183.733	9738.013	135	18.513	1	1.000	1
276	342.744	120	0	120	120	120	1916.130	9802.810	1916.130	9802.810	52.364	1906.873	9793.553	18.513	18.513	20.890	20.890	0	1	26.182	41129.221	120	NaN	NaN	100	120	1	1906.873	9793.553	135	18.513	1	1.000	1
277	342.744	133	0	133	133	133	7636.750	9839.837	7636.750	9839.837	52.364	7627.493	9830.580	18.513	18.513	20.890	20.890	0	1	26.182	45584.887	133	NaN	NaN	100	133	1	7627.493	9830.580	135	18.513	1	1.000	1
278	342.744	95	0	95	95	95	2582.610	9858.350	2582.610	9858.350	52.364	2573.353	9849.093	18.513	18.513	20.890	20.890	0	1	26.182	32560.634	95	NaN	NaN	100	95	1	2573.353	9849.093	135	18.513	1	1.000	1
279	685.487	113.500	4.950	110	110	117	3943.340	9895.377	3943.625	9895.377	78.545	3924.827	9886.120	37.027	18.513	41.780	20.890	0	1	41.397	77802.777	117	0	-2	100	227	1	3924.827	9886.120	153.435	18.513	2	0.500	1
280	1028.231	122	13.856	114	114	138	731.277	9913.890	732.491	9913.890	115.572	703.507	9904.633	55.540	18.513	62.670	20.890	0	0.967	58.544	125444.125	114	0.707	-1.500	100	366	1	703.507	9904.633	161.565	18.513	3	0.333	1
281	1028.231	125.333	18.475	136	104	136	6229.737	10080.510	6228.161	10080.510	115.572	6201.967	10071.253	55.540	18.513	62.670	20.890	0	0.967	58.544	128871.560	136	-0.707	-1.500	100	376	1	6201.967	10071.253	161.565	18.513	3	0.333	1
282	342.744	104	0	104	104	104	6285.277	10080.510	6285.277	10080.510	52.364	6276.020	10071.253	18.513	18.513	20.890	20.890	0	1	26.182	35645.325	104	NaN	NaN	100	104	1	6276.020	10071.253	135	18.513	1	1.000	1
283	342.744	112	0	112	112	112	7118.377	10099.023	7118.377	10099.023	52.364	7109.120	10089.767	18.513	18.513	20.890	20.890	0	1	26.182	38387.273	112	NaN	NaN	100	112	1	7109.120	10089.767	135	18.513	1	1.000	1
284	342.744	122	0	122	122	122	7544.183	10099.023	7544.183	10099.023	52.364	7534.927	10089.767	18.513	18.513	20.890	20.890	0	1	26.182	41814.708	122	NaN	NaN	100	122	1	7534.927	10089.767	135	18.513	1	1.000	1
285	685.487	108.500	3.536	106	106	111	3406.453	10117.537	3406.667	10117.537	78.545	3387.940	10108.280	37.027	18.513	41.780	20.890	0	1	41.397	74375.342	111	0	-2	100	217	1	3387.940	10108.280	153.435	18.513	2	0.500	1
286	342.744	108	0	108	108	108	5137.450	10117.537	5137.450	10117.537	52.364	5128.193	10108.280	18.513	18.513	20.890	20.890	0	1	26.182	37016.299	108	NaN	NaN	100	108	1	5128.193	10108.280	135	18.513	1	1.000	1
287	342.744	103	0	103	103	103	6322.303	10117.537	6322.303	10117.537	52.364	6313.047	10108.280	18.513	18.513	20.890	20.890	0	1	26.182	35302.582	103	NaN	NaN	100	103	1	6313.047	10108.280	135	18.513	1	1.000	1
288	342.744	136	0	136	136	136	7155.403	10117.537	7155.403	10117.537	52.364	7146.147	10108.280	18.513	18.513	20.890	20.890	0	1	26.182	46613.118	136	NaN	NaN	100	136	1	7146.147	10108.280	135	18.513	1	1.000	1
289	1370.974	105.500	11	103	95	121	592.427	10247.130	593.348	10247.130	152.599	555.400	10237.873	74.053	18.513	83.560	20.890	0	0.740	76.332	144637.762	103	0.733	-0.876	100	422	1	555.400	10237.873	165.964	18.513	4	0.250	1
290	685.487	109	14.142	99	99	119	5220.760	10265.643	5221.609	10265.643	78.545	5202.247	10256.387	37.027	18.513	41.780	20.890	0	1	41.397	74718.085	119	0	-2	100	218	1	5202.247	10256.387	153.435	18.513	2	0.500	1
291	1028.231	116.333	4.619	119	111	119	4396.917	10395.237	4396.492	10395.237	115.572	4369.147	10385.980	55.540	18.513	62.670	20.890	0	0.967	58.544	119617.485	119	-0.707	-1.500	100	349	1	4369.147	10385.980	161.565	18.513	3	0.333	1
292	342.744	160	0	160	160	160	897.897	10432.263	897.897	10432.263	52.364	888.640	10423.007	18.513	18.513	20.890	20.890	0	1	26.182	54838.962	160	NaN	NaN	100	160	1	888.640	10423.007	135	18.513	1	1.000	1
293	342.744	126	0	126	126	126	8543.903	10487.803	8543.903	10487.803	52.364	8534.647	10478.547	18.513	18.513	20.890	20.890	0	1	26.182	43185.682	126	NaN	NaN	100	126	1	8534.647	10478.547	135	18.513	1	1.000	1
294	342.744	95	0	95	95	95	4859.750	10543.343	4859.750	10543.343	52.364	4850.493	10534.087	18.513	18.513	20.890	20.890	0	1	26.182	32560.634	95	NaN	NaN	100	95	1	4850.493	10534.087	135	18.513	1	1.000	1
295	342.744	135	0	135	135	135	1027.490	10561.857	1027.490	10561.857	52.364	1018.233	10552.600	18.513	18.513	20.890	20.890	0	1	26.182	46270.374	135	NaN	NaN	100	135	1	1018.233	10552.600	135	18.513	1	1.000	1
296	342.744	108	0	108	108	108	13061.157	10561.857	13061.157	10561.857	52.364	13051.900	10552.600	18.513	18.513	20.890	20.890	0	1	26.182	37016.299	108	NaN	NaN	100	108	1	13051.900	10552.600	135	18.513	1	1.000	1
297	685.487	107	0	107	107	107	5600.283	10589.627	5600.283	10589.627	89.390	5591.027	10571.113	18.513	37.027	41.780	20.890	90	1	41.397	73347.111	107	NaN	NaN	100	214	1	5591.027	10571.113	116.565	18.513	2	0.500	1
298	342.744	125	0	125	125	125	7914.450	10580.370	7914.450	10580.370	52.364	7905.193	10571.113	18.513	18.513	20.890	20.890	0	1	26.182	42842.939	125	NaN	NaN	100	125	1	7905.193	10571.113	135	18.513	1	1.000	1
299	342.744	99	0	99	99	99	8580.930	10617.397	8580.930	10617.397	52.364	8571.673	10608.140	18.513	18.513	20.890	20.890	0	1	26.182	33931.608	99	NaN	NaN	100	99	1	8571.673	10608.140	135	18.513	1	1.000	1
300	1028.231	104	3.464	102	102	108	2249.370	10765.503	2249.370	10765.503	115.572	2221.600	10756.247	55.540	18.513	62.670	20.890	0	0.967	58.544	106935.975	102	0.707	-1.500	100	312	1	2221.600	10756.247	161.565	18.513	3	0.333	1
301	342.744	107	0	107	107	107	4637.590	10765.503	4637.590	10765.503	52.364	4628.333	10756.247	18.513	18.513	20.890	20.890	0	1	26.182	36673.556	107	NaN	NaN	100	107	1	4628.333	10756.247	135	18.513	1	1.000	1
302	342.744	114	0	114	114	114	6970.270	10784.017	6970.270	10784.017	52.364	6961.013	10774.760	18.513	18.513	20.890	20.890	0	1	26.182	39072.760	114	NaN	NaN	100	114	1	6961.013	10774.760	135	18.513	1	1.000	1
303	2741.948	105.500	14.511	95	95	131	539.201	10827.986	537.303	10828.567	231.144	499.860	10793.273	74.053	55.540	73.658	47.397	8.130	0.645	82.794	289275.523	96	0.765	-1.069	100	844	1	499.860	10811.787	153.435	55.540	1.554	0.643	0.762
304	342.744	95	0	95	95	95	4619.077	10895.097	4619.077	10895.097	52.364	4609.820	10885.840	18.513	18.513	20.890	20.890	0	1	26.182	32560.634	95	NaN	NaN	100	95	1	4609.820	10885.840	135	18.513	1	1.000	1
305	1028.231	125.667	1.155	125	125	127	1712.483	10913.610	1712.582	10913.610	115.572	1684.713	10904.353	55.540	18.513	62.670	20.890	0	0.967	58.544	129214.304	125	0.707	-1.500	100	377	1	1684.713	10904.353	161.565	18.513	3	0.333	1
306	1028.231	109.333	6.351	113	102	113	4582.050	10950.637	4581.429	10950.637	115.572	4554.280	10941.380	55.540	18.513	62.670	20.890	0	0.967	58.544	112419.872	113	-0.707	-1.500	100	328	1	4554.280	10941.380	161.565	18.513	3	0.333	1
307	342.744	113	0	113	113	113	1120.057	10969.150	1120.057	10969.150	52.364	1110.800	10959.893	18.513	18.513	20.890	20.890	0	1	26.182	38730.017	113	NaN	NaN	100	113	1	1110.800	10959.893	135	18.513	1	1.000	1
308	685.487	127	4.243	124	124	130	7821.883	11015.433	7821.883	11015.215	89.390	7812.627	10996.920	18.513	37.027	41.780	20.890	90	1	41.397	87056.852	130	0	-2	100	254	1	7812.627	10996.920	116.565	18.513	2	0.500	1
309	342.744	100	0	100	100	100	546.143	11043.203	546.143	11043.203	52.364	536.887	11033.947	18.513	18.513	20.890	20.890	0	1	26.182	34274.351	100	NaN	NaN	100	100	1	536.887	11033.947	135	18.513	1	1.000	1
310	342.744	96	0	96	96	96	231.417	11098.743	231.417	11098.743	52.364	222.160	11089.487	18.513	18.513	20.890	20.890	0	1	26.182	32903.377	96	NaN	NaN	100	96	1	222.160	11089.487	135	18.513	1	1.000	1
311	342.744	111	0	111	111	111	7247.970	11098.743	7247.970	11098.743	52.364	7238.713	11089.487	18.513	18.513	20.890	20.890	0	1	26.182	38044.530	111	NaN	NaN	100	111	1	7238.713	11089.487	135	18.513	1	1.000	1
