0 0
1 0
2 0
3 0
4 0
5 0
6 0
7 0
8 0
9 0
10 0
11 0
12 0
13 0
14 0
15 0
16 0
17 2
18 1
19 2
20 3
21 3
22 13
23 6
24 21
25 31
26 39
27 68
28 95
29 137
30 180
31 283
32 421
33 513
34 695
35 929
36 1187
37 1510
38 1935
39 2388
40 2900
41 3527
42 4269
43 4875
44 5728
45 6352
46 7274
47 7901
48 8851
49 9333
50 9944
51 10286
52 10765
53 11125
54 11312
55 11497
56 11817
57 11344
58 11318
59 11106
60 10790
61 10385
62 9913
63 10004
64 9387
65 9036
66 8632
67 8316
68 8184
69 7637
70 7472
71 7112
72 6862
73 6523
74 6165
75 6131
76 5905
77 5669
78 5624
79 5245
80 5205
81 4968
82 4801
83 4692
84 4502
85 4482
86 4360
87 4166
88 4100
89 3974
90 3818
91 3804
92 3689
93 3646
94 3665
95 3580
96 3365
97 3296
98 3255
99 3163
100 3188
101 3008
102 3088
103 2956
104 2940
105 2870
106 2864
107 2878
108 2669
109 2638
110 2637
111 2656
112 2602
113 2541
114 2609
115 2480
116 2432
117 2447
118 2517
119 2359
120 2317
121 2434
122 2399
123 2306
124 2297
125 2290
126 2181
127 2348
128 2226
129 2180
130 2191
131 2155
132 2170
133 2080
134 2182
135 2119
136 2124
137 2066
138 2135
139 2137
140 1994
141 2121
142 2011
143 2085
144 1962
145 1955
146 1963
147 1904
148 1897
149 1983
150 1959
151 1951
152 1993
153 1982
154 1950
155 1990
156 1927
157 1994
158 2029
159 2015
160 1986
161 1919
162 1864
163 1939
164 1997
165 1899
166 1973
167 1873
168 1842
169 1864
170 1892
171 1910
172 1871
173 1853
174 1802
175 1874
176 1817
177 1750
178 1914
179 1788
180 1662
181 1658
182 1622
183 1651
184 1602
185 1633
186 1632
187 1521
188 1447
189 1478
190 1515
191 1451
192 1342
193 1299
194 1154
195 1178
196 1129
197 1050
198 989
199 994
200 937
201 808
202 784
203 731
204 735
205 640
206 601
207 509
208 494
209 407
210 374
211 356
212 324
213 274
214 241
215 198
216 209
217 138
218 146
219 119
220 107
221 98
222 76
223 72
224 66
225 50
226 57
227 57
228 38
229 27
230 34
231 34
232 18
233 19
234 11
235 16
236 13
237 7
238 12
239 8
240 3
241 3
242 1
243 1
244 3
245 0
246 0
247 0
248 0
249 0
250 0
251 0
252 0
253 0
254 0
255 0
