0 0
1 0
2 0
3 0
4 0
5 0
6 0
7 0
8 0
9 0
10 0
11 0
12 1
13 2
14 2
15 5
16 12
17 9
18 14
19 12
20 18
21 34
22 44
23 50
24 53
25 71
26 140
27 155
28 172
29 243
30 285
31 391
32 461
33 627
34 705
35 920
36 1060
37 1283
38 1572
39 1781
40 2156
41 2508
42 2933
43 3320
44 3667
45 4189
46 4508
47 5007
48 5319
49 5727
50 6038
51 6422
52 6767
53 6941
54 7207
55 7517
56 7541
57 7681
58 7633
59 7730
60 7619
61 7787
62 7868
63 7716
64 7545
65 7654
66 7333
67 7366
68 7160
69 7075
70 6861
71 7000
72 6829
73 6828
74 6617
75 6658
76 6430
77 6433
78 6270
79 6136
80 6095
81 6027
82 5798
83 5881
84 5654
85 5580
86 5516
87 5460
88 5357
89 5255
90 5183
91 5129
92 5110
93 4946
94 5021
95 4997
96 4794
97 4713
98 4661
99 4464
100 4494
101 4504
102 4438
103 4515
104 4286
105 4186
106 4125
107 4113
108 4156
109 3946
110 4016
111 3878
112 3741
113 3850
114 3719
115 3558
116 3702
117 3552
118 3476
119 3482
120 3557
121 3356
122 3391
123 3305
124 3395
125 3219
126 3186
127 3184
128 3191
129 3200
130 3055
131 2954
132 2967
133 3079
134 3025
135 2948
136 2941
137 2847
138 2909
139 2875
140 2811
141 2867
142 2692
143 2726
144 2725
145 2615
146 2678
147 2653
148 2558
149 2469
150 2508
151 2463
152 2508
153 2354
154 2367
155 2296
156 2277
157 2210
158 2172
159 2239
160 1958
161 1987
162 1967
163 2037
164 1872
165 1877
166 1832
167 1739
168 1656
169 1616
170 1628
171 1552
172 1499
173 1368
174 1389
175 1323
176 1298
177 1135
178 1183
179 1091
180 1059
181 978
182 899
183 1001
184 844
185 770
186 742
187 747
188 628
189 581
190 592
191 540
192 495
193 490
194 423
195 391
196 370
197 329
198 326
199 351
200 277
201 277
202 200
203 215
204 216
205 212
206 180
207 172
208 168
209 144
210 135
211 122
212 126
213 111
214 91
215 100
216 89
217 88
218 78
219 62
220 83
221 45
222 61
223 38
224 53
225 42
226 34
227 23
228 26
229 33
230 24
231 13
232 15
233 9
234 11
235 8
236 6
237 1
238 1
239 2
240 1
241 1
242 0
243 0
244 0
245 0
246 0
247 0
248 0
249 0
250 0
251 0
252 0
253 0
254 0
255 0
